0.00000000 1.00000000 3.00000000
0.01000000 0.96000000 2.95000000
0.02000000 0.92100000 2.90110000
0.03000000 0.88297800 2.85327700
0.04000000 0.84591246 2.80650847
0.05000000 0.80978229 2.76077234
0.06000000 0.77456684 2.71604699
0.07000000 0.74024590 2.67231125
0.08000000 0.70679968 2.62954437
0.09000000 0.67420879 2.58772604
0.10000000 0.64245427 2.54683635
0.11000000 0.61151754 2.50685580
0.12000000 0.58138043 2.46776530
0.13000000 0.55202512 2.42954614
0.14000000 0.52343420 2.39218001
0.15000000 0.49559060 2.35564895
0.16000000 0.46847762 2.31993539
0.17000000 0.44207891 2.28502211
0.18000000 0.41637847 2.25089223
0.19000000 0.39136063 2.21752925
0.20000000 0.36701004 2.18491698
0.21000000 0.34331170 2.15303957
0.22000000 0.32025091 2.12188150
0.23000000 0.29781328 2.09142756
0.24000000 0.27598473 2.06166287
0.25000000 0.25475147 2.03257283
0.26000000 0.23410001 2.00414316
0.27000000 0.21401715 1.97635987
0.28000000 0.19448995 1.94920924
0.29000000 0.17550577 1.92267786
0.30000000 0.15705221 1.89675258
0.31000000 0.13911716 1.87142053
0.32000000 0.12168875 1.84666909
0.33000000 0.10475537 1.82248590
0.34000000 0.08830565 1.79885888
0.35000000 0.07232847 1.77577617
0.36000000 0.05681295 1.75322617
0.37000000 0.04174843 1.73119751
0.38000000 0.02712447 1.70967907
0.39000000 0.01293089 1.68865994
0.40000000 -0.00084231 1.66812945
0.41000000 -0.01420489 1.64807715
0.42000000 -0.02716644 1.62849278
0.43000000 -0.03973629 1.60936634
0.44000000 -0.05192362 1.59068798
0.45000000 -0.06373738 1.57244811
0.46000000 -0.07518634 1.55463729
0.47000000 -0.08627909 1.53724631
0.48000000 -0.09702401 1.52026613
0.49000000 -0.10742934 1.50368790
0.50000000 -0.11750309 1.48750297
0.51000000 -0.12725315 1.47170285
0.52000000 -0.13668721 1.45627924
0.53000000 -0.14581280 1.44122399
0.54000000 -0.15463727 1.42652914
0.55000000 -0.16316786 1.41218689
0.56000000 -0.17141160 1.39818961
0.57000000 -0.17937539 1.38452980
0.58000000 -0.18706598 1.37120015
0.59000000 -0.19448999 1.35819349
0.60000000 -0.20165386 1.34550279
0.61000000 -0.20856391 1.33312116
0.62000000 -0.21522634 1.32104189
0.63000000 -0.22164717 1.30925837
0.64000000 -0.22783234 1.29776415
0.65000000 -0.23378762 1.28655290
0.66000000 -0.23951868 1.27561844
0.67000000 -0.24503105 1.26495470
0.68000000 -0.25033014 1.25455574
0.69000000 -0.25542126 1.24441577
0.70000000 -0.26030957 1.23452908
0.71000000 -0.26500016 1.22489012
0.72000000 -0.26949796 1.21549341
0.73000000 -0.27380783 1.20633363
0.74000000 -0.27793450 1.19740554
0.75000000 -0.28188261 1.18870403
0.76000000 -0.28565669 1.18022408
0.77000000 -0.28926117 1.17196079
0.78000000 -0.29270039 1.16390936
0.79000000 -0.29597858 1.15606507
0.80000000 -0.29909988 1.14842334
0.81000000 -0.30206834 1.14097964
0.82000000 -0.30488794 1.13372957
0.83000000 -0.30756253 1.12666880
0.84000000 -0.31009590 1.11979311
0.85000000 -0.31249177 1.11309836
0.86000000 -0.31475373 1.10658049
0.87000000 -0.31688534 1.10023554
0.88000000 -0.31889005 1.09405962
0.89000000 -0.32077125 1.08804893
0.90000000 -0.32253222 1.08219975
0.91000000 -0.32417622 1.07650843
0.92000000 -0.32570639 1.07097142
0.93000000 -0.32712582 1.06558521
0.94000000 -0.32843752 1.06034640
0.95000000 -0.32964445 1.05525163
0.96000000 -0.33074948 1.05029764
0.97000000 -0.33175543 1.04548121
0.98000000 -0.33266506 1.04079922
0.99000000 -0.33348104 1.03624859
1.00000000 -0.33420601 1.03182633
1.01000000 -0.33484254 1.02752948
1.02000000 -0.33539313 1.02335517
1.03000000 -0.33586023 1.01930058
1.04000000 -0.33624625 1.01536296
1.05000000 -0.33655351 1.01153961
1.06000000 -0.33678430 1.00782789
1.07000000 -0.33694085 1.00422521
1.08000000 -0.33702536 1.00072904
1.09000000 -0.33703994 0.99733692
1.10000000 -0.33698668 0.99404641
1.11000000 -0.33686761 0.99085515
1.12000000 -0.33668471 0.98776082
1.13000000 -0.33643993 0.98476115
1.14000000 -0.33613515 0.98185391
1.15000000 -0.33577223 0.97903695
1.16000000 -0.33535297 0.97630812
1.17000000 -0.33487913 0.97366534
1.18000000 -0.33435244 0.97110659
1.19000000 -0.33377457 0.96862987
1.20000000 -0.33314716 0.96623323
1.21000000 -0.33247183 0.96391476
1.22000000 -0.33175012 0.96167260
1.23000000 -0.33098358 0.95950492
1.24000000 -0.33017367 0.95740993
1.25000000 -0.32932187 0.95538590
1.26000000 -0.32842959 0.95343110
1.27000000 -0.32749821 0.95154388
1.28000000 -0.32652909 0.94972258
1.29000000 -0.32552354 0.94796561
1.30000000 -0.32448285 0.94627141
1.31000000 -0.32340828 0.94463843
1.32000000 -0.32230105 0.94306520
1.33000000 -0.32116236 0.94155023
1.34000000 -0.31999336 0.94009210
1.35000000 -0.31879520 0.93868940
1.36000000 -0.31756899 0.93734077
1.37000000 -0.31631581 0.93604486
1.38000000 -0.31503670 0.93480035
1.39000000 -0.31373271 0.93360598
1.40000000 -0.31240483 0.93246047
1.41000000 -0.31105404 0.93136261
1.42000000 -0.30968129 0.93031119
1.43000000 -0.30828751 0.92930504
1.44000000 -0.30687362 0.92834301
1.45000000 -0.30544048 0.92742399
1.46000000 -0.30398896 0.92654686
1.47000000 -0.30251989 0.92571057
1.48000000 -0.30103410 0.92491405
1.49000000 -0.29953238 0.92415629
1.50000000 -0.29801551 0.92343628
1.51000000 -0.29648424 0.92275303
1.52000000 -0.29493930 0.92210560
1.53000000 -0.29338141 0.92149304
1.54000000 -0.29181127 0.92091443
1.55000000 -0.29022956 0.92036889
1.56000000 -0.28863694 0.91985553
1.57000000 -0.28703405 0.91937349
1.58000000 -0.28542152 0.91892195
1.59000000 -0.28379996 0.91850007
1.60000000 -0.28216996 0.91810707
1.61000000 -0.28053210 0.91774216
1.62000000 -0.27888694 0.91740457
1.63000000 -0.27723503 0.91709357
1.64000000 -0.27557690 0.91680841
1.65000000 -0.27391307 0.91654839
1.66000000 -0.27224404 0.91631281
1.67000000 -0.27057030 0.91610098
1.68000000 -0.26889232 0.91591225
1.69000000 -0.26721056 0.91574596
1.70000000 -0.26552548 0.91560147
1.71000000 -0.26383751 0.91547817
1.72000000 -0.26214707 0.91537545
1.73000000 -0.26045458 0.91529272
1.74000000 -0.25876044 0.91522939
1.75000000 -0.25706502 0.91518491
1.76000000 -0.25536872 0.91515871
1.77000000 -0.25367190 0.91515026
1.78000000 -0.25197490 0.91515903
1.79000000 -0.25027808 0.91518451
1.80000000 -0.24858177 0.91522620
1.81000000 -0.24688630 0.91528359
1.82000000 -0.24519197 0.91535622
1.83000000 -0.24349909 0.91544362
1.84000000 -0.24180797 0.91554532
1.85000000 -0.24011887 0.91566088
1.86000000 -0.23843209 0.91578986
1.87000000 -0.23674789 0.91593185
1.88000000 -0.23506652 0.91608641
1.89000000 -0.23338825 0.91625315
1.90000000 -0.23171331 0.91643168
1.91000000 -0.23004195 0.91662159
1.92000000 -0.22837438 0.91682253
1.93000000 -0.22671083 0.91703411
1.94000000 -0.22505151 0.91725598
1.95000000 -0.22339663 0.91748778
1.96000000 -0.22174639 0.91772918
1.97000000 -0.22010097 0.91797984
1.98000000 -0.21846057 0.91823944
1.99000000 -0.21682536 0.91850765
2.00000000 -0.21519551 0.91878416
2.01000000 -0.21357119 0.91906868
2.02000000 -0.21195257 0.91936091
2.03000000 -0.21033979 0.91966056
2.04000000 -0.20873300 0.91996734
2.05000000 -0.20713234 0.92028099
2.06000000 -0.20553796 0.92060124
2.07000000 -0.20394999 0.92092782
2.08000000 -0.20236854 0.92126049
2.09000000 -0.20079375 0.92159899
2.10000000 -0.19922573 0.92194308
2.11000000 -0.19766460 0.92229253
2.12000000 -0.19611045 0.92264711
2.13000000 -0.19456339 0.92300659
2.14000000 -0.19302352 0.92337076
2.15000000 -0.19149094 0.92373940
2.16000000 -0.18996572 0.92411231
2.17000000 -0.18844797 0.92448929
2.18000000 -0.18693776 0.92487013
2.19000000 -0.18543516 0.92525465
2.20000000 -0.18394025 0.92564265
2.21000000 -0.18245310 0.92603397
2.22000000 -0.18097378 0.92642842
2.23000000 -0.17950235 0.92682583
2.24000000 -0.17803887 0.92722603
2.25000000 -0.17658339 0.92762886
2.26000000 -0.17513597 0.92803416
2.27000000 -0.17369665 0.92844178
2.28000000 -0.17226549 0.92885156
2.29000000 -0.17084252 0.92926336
2.30000000 -0.16942778 0.92967703
2.31000000 -0.16802132 0.93009244
2.32000000 -0.16662317 0.93050946
2.33000000 -0.16523336 0.93092794
2.34000000 -0.16385192 0.93134777
2.35000000 -0.16247888 0.93176882
2.36000000 -0.16111425 0.93219096
2.37000000 -0.15975807 0.93261409
2.38000000 -0.15841035 0.93303809
2.39000000 -0.15707112 0.93346284
2.40000000 -0.15574037 0.93388825
2.41000000 -0.15441814 0.93431419
2.42000000 -0.15310442 0.93474059
2.43000000 -0.15179923 0.93516733
2.44000000 -0.15050258 0.93559431
2.45000000 -0.14921447 0.93602146
2.46000000 -0.14793490 0.93644867
2.47000000 -0.14666387 0.93687586
2.48000000 -0.14540139 0.93730295
2.49000000 -0.14414744 0.93772984
2.50000000 -0.14290204 0.93815647
2.51000000 -0.14166517 0.93858276
2.52000000 -0.14043683 0.93900863
2.53000000 -0.13921700 0.93943400
2.54000000 -0.13800568 0.93985881
2.55000000 -0.13680285 0.94028299
2.56000000 -0.13560851 0.94070647
2.57000000 -0.13442264 0.94112919
2.58000000 -0.13324523 0.94155109
2.59000000 -0.13207625 0.94197210
2.60000000 -0.13091569 0.94239218
2.61000000 -0.12976354 0.94281126
2.62000000 -0.12861976 0.94322928
2.63000000 -0.12748435 0.94364621
2.64000000 -0.12635727 0.94406198
2.65000000 -0.12523851 0.94447654
2.66000000 -0.12412804 0.94488986
2.67000000 -0.12302584 0.94530189
2.68000000 -0.12193188 0.94571257
2.69000000 -0.12084613 0.94612188
2.70000000 -0.11976856 0.94652976
2.71000000 -0.11869916 0.94693618
2.72000000 -0.11763788 0.94734110
2.73000000 -0.11658471 0.94774449
2.74000000 -0.11553960 0.94814631
2.75000000 -0.11450252 0.94854652
2.76000000 -0.11347345 0.94894510
2.77000000 -0.11245235 0.94934202
2.78000000 -0.11143919 0.94973723
2.79000000 -0.11043394 0.95013072
2.80000000 -0.10943655 0.95052246
2.81000000 -0.10844700 0.95091242
2.82000000 -0.10746525 0.95130058
2.83000000 -0.10649126 0.95168691
2.84000000 -0.10552500 0.95207139
2.85000000 -0.10456643 0.95245400
2.86000000 -0.10361551 0.95283471
2.87000000 -0.10267220 0.95321352
2.88000000 -0.10173647 0.95359039
2.89000000 -0.10080828 0.95396531
2.90000000 -0.09988759 0.95433827
2.91000000 -0.09897435 0.95470925
2.92000000 -0.09806854 0.95507823
2.93000000 -0.09717010 0.95544519
2.94000000 -0.09627901 0.95581014
2.95000000 -0.09539521 0.95617304
2.96000000 -0.09451867 0.95653390
2.97000000 -0.09364935 0.95689270
2.98000000 -0.09278720 0.95724942
2.99000000 -0.09193219 0.95760407
3.00000000 -0.09108427 0.95795662
3.01000000 -0.09024340 0.95830708
3.02000000 -0.08940955 0.95865544
3.03000000 -0.08858265 0.95900168
3.04000000 -0.08776269 0.95934580
3.05000000 -0.08694960 0.95968780
3.06000000 -0.08614336 0.96002767
3.07000000 -0.08534391 0.96036541
3.08000000 -0.08455122 0.96070100
3.09000000 -0.08376524 0.96103446
3.10000000 -0.08298593 0.96136578
3.11000000 -0.08221325 0.96169494
3.12000000 -0.08144714 0.96202196
3.13000000 -0.08068758 0.96234683
3.14000000 -0.07993452 0.96266955
3.15000000 -0.07918791 0.96299012
3.16000000 -0.07844771 0.96330854
3.17000000 -0.07771388 0.96362480
3.18000000 -0.07698638 0.96393892
3.19000000 -0.07626516 0.96425089
3.20000000 -0.07555018 0.96456071
3.21000000 -0.07484139 0.96486839
3.22000000 -0.07413876 0.96517392
3.23000000 -0.07344224 0.96547732
3.24000000 -0.07275178 0.96577857
3.25000000 -0.07206736 0.96607770
3.26000000 -0.07138891 0.96637470
3.27000000 -0.07071640 0.96666957
3.28000000 -0.07004979 0.96696231
3.29000000 -0.06938904 0.96725295
3.30000000 -0.06873410 0.96754147
3.31000000 -0.06808493 0.96782788
3.32000000 -0.06744149 0.96811220
3.33000000 -0.06680373 0.96839442
3.34000000 -0.06617162 0.96867455
3.35000000 -0.06554511 0.96895259
3.36000000 -0.06492416 0.96922857
3.37000000 -0.06430873 0.96950247
3.38000000 -0.06369878 0.96977431
3.39000000 -0.06309427 0.97004409
3.40000000 -0.06249515 0.97031182
3.41000000 -0.06190139 0.97057752
3.42000000 -0.06131294 0.97084118
3.43000000 -0.06072976 0.97110281
3.44000000 -0.06015182 0.97136243
3.45000000 -0.05957907 0.97162004
3.46000000 -0.05901147 0.97187565
3.47000000 -0.05844898 0.97212926
3.48000000 -0.05789156 0.97238090
3.49000000 -0.05733918 0.97263055
3.50000000 -0.05679179 0.97287825
3.51000000 -0.05624936 0.97312398
3.52000000 -0.05571184 0.97336777
3.53000000 -0.05517919 0.97360962
3.54000000 -0.05465139 0.97384954
3.55000000 -0.05412838 0.97408754
3.56000000 -0.05361013 0.97432363
3.57000000 -0.05309660 0.97455782
3.58000000 -0.05258776 0.97479011
3.59000000 -0.05208356 0.97502053
3.60000000 -0.05158397 0.97524908
3.61000000 -0.05108895 0.97547577
3.62000000 -0.05059847 0.97570061
3.63000000 -0.05011248 0.97592360
3.64000000 -0.04963095 0.97614477
3.65000000 -0.04915385 0.97636412
3.66000000 -0.04868113 0.97658166
3.67000000 -0.04821276 0.97679740
3.68000000 -0.04774871 0.97701135
3.69000000 -0.04728894 0.97722352
3.70000000 -0.04683341 0.97743392
3.71000000 -0.04638208 0.97764257
3.72000000 -0.04593494 0.97784947
3.73000000 -0.04549193 0.97805464
3.74000000 -0.04505302 0.97825808
3.75000000 -0.04461818 0.97845981
3.76000000 -0.04418738 0.97865983
3.77000000 -0.04376057 0.97885816
3.78000000 -0.04333774 0.97905481
3.79000000 -0.04291883 0.97924979
3.80000000 -0.04250383 0.97944311
3.81000000 -0.04209269 0.97963478
3.82000000 -0.04168539 0.97982481
3.83000000 -0.04128188 0.98001321
3.84000000 -0.04088215 0.98020000
3.85000000 -0.04048615 0.98038517
3.86000000 -0.04009385 0.98056876
3.87000000 -0.03970523 0.98075076
3.88000000 -0.03932024 0.98093118
3.89000000 -0.03893886 0.98111004
3.90000000 -0.03856106 0.98128735
3.91000000 -0.03818681 0.98146312
3.92000000 -0.03781607 0.98163736
3.93000000 -0.03744882 0.98181008
3.94000000 -0.03708502 0.98198129
3.95000000 -0.03672465 0.98215100
3.96000000 -0.03636767 0.98231922
3.97000000 -0.03601405 0.98248597
3.98000000 -0.03566377 0.98265125
3.99000000 -0.03531680 0.98281507
4.00000000 -0.03497310 0.98297745
4.01000000 -0.03463265 0.98313840
4.02000000 -0.03429542 0.98329792
4.03000000 -0.03396137 0.98345603
4.04000000 -0.03363050 0.98361273
4.05000000 -0.03330275 0.98376805
4.06000000 -0.03297811 0.98392198
4.07000000 -0.03265655 0.98407454
4.08000000 -0.03233804 0.98422574
4.09000000 -0.03202256 0.98437558
4.10000000 -0.03171007 0.98452409
4.11000000 -0.03140055 0.98467127
4.12000000 -0.03109397 0.98481712
4.13000000 -0.03079032 0.98496167
4.14000000 -0.03048955 0.98510492
4.15000000 -0.03019165 0.98524687
4.16000000 -0.02989659 0.98538755
4.17000000 -0.02960434 0.98552696
4.18000000 -0.02931488 0.98566511
4.19000000 -0.02902818 0.98580201
4.20000000 -0.02874422 0.98593766
4.21000000 -0.02846297 0.98607209
4.22000000 -0.02818441 0.98620530
4.23000000 -0.02790852 0.98633730
4.24000000 -0.02763527 0.98646809
4.25000000 -0.02736463 0.98659770
4.26000000 -0.02709658 0.98672612
4.27000000 -0.02683110 0.98685337
4.28000000 -0.02656817 0.98697946
4.29000000 -0.02630776 0.98710439
4.30000000 -0.02604985 0.98722818
4.31000000 -0.02579441 0.98735084
4.32000000 -0.02554143 0.98747237
4.33000000 -0.02529088 0.98759278
4.34000000 -0.02504273 0.98771209
4.35000000 -0.02479697 0.98783030
4.36000000 -0.02455358 0.98794742
4.37000000 -0.02431253 0.98806346
4.38000000 -0.02407380 0.98817844
4.39000000 -0.02383737 0.98829234
4.40000000 -0.02360321 0.98840520
4.41000000 -0.02337132 0.98851701
4.42000000 -0.02314166 0.98862779
4.43000000 -0.02291421 0.98873754
4.44000000 -0.02268896 0.98884627
4.45000000 -0.02246589 0.98895399
4.46000000 -0.02224497 0.98906071
4.47000000 -0.02202618 0.98916644
4.48000000 -0.02180951 0.98927119
4.49000000 -0.02159494 0.98937496
4.50000000 -0.02138244 0.98947776
4.51000000 -0.02117199 0.98957960
4.52000000 -0.02096358 0.98968049
4.53000000 -0.02075719 0.98978044
4.54000000 -0.02055280 0.98987946
4.55000000 -0.02035039 0.98997755
4.56000000 -0.02014994 0.99007472
4.57000000 -0.01995144 0.99017097
4.58000000 -0.01975485 0.99026633
4.59000000 -0.01956018 0.99036079
4.60000000 -0.01936740 0.99045437
4.61000000 -0.01917648 0.99054706
4.62000000 -0.01898743 0.99063889
4.63000000 -0.01880020 0.99072984
4.64000000 -0.01861480 0.99081995
4.65000000 -0.01843120 0.99090920
4.66000000 -0.01824938 0.99099761
4.67000000 -0.01806934 0.99108519
4.68000000 -0.01789104 0.99117194
4.69000000 -0.01771448 0.99125787
4.70000000 -0.01753964 0.99134299
4.71000000 -0.01736650 0.99142731
4.72000000 -0.01719504 0.99151082
4.73000000 -0.01702526 0.99159355
4.74000000 -0.01685713 0.99167549
4.75000000 -0.01669064 0.99175665
4.76000000 -0.01652577 0.99183705
4.77000000 -0.01636251 0.99191668
4.78000000 -0.01620085 0.99199555
4.79000000 -0.01604076 0.99207368
4.80000000 -0.01588223 0.99215106
4.81000000 -0.01572525 0.99222770
4.82000000 -0.01556981 0.99230362
4.83000000 -0.01541588 0.99237881
4.84000000 -0.01526345 0.99245329
4.85000000 -0.01511252 0.99252706
4.86000000 -0.01496306 0.99260012
4.87000000 -0.01481506 0.99267249
4.88000000 -0.01466851 0.99274416
4.89000000 -0.01452340 0.99281515
4.90000000 -0.01437970 0.99288546
4.91000000 -0.01423741 0.99295510
4.92000000 -0.01409651 0.99302407
4.93000000 -0.01395699 0.99309239
4.94000000 -0.01381884 0.99316005
4.95000000 -0.01368204 0.99322706
4.96000000 -0.01354658 0.99329342
4.97000000 -0.01341245 0.99335916
4.98000000 -0.01327963 0.99342426
4.99000000 -0.01314812 0.99348873
5.00000000 -0.01301789 0.99355259
5.01000000 -0.01288895 0.99361583
5.02000000 -0.01276126 0.99367847
5.03000000 -0.01263483 0.99374050
5.04000000 -0.01250964 0.99380194
5.05000000 -0.01238568 0.99386278
5.06000000 -0.01226294 0.99392304
5.07000000 -0.01214140 0.99398272
5.08000000 -0.01202105 0.99404183
5.09000000 -0.01190189 0.99410036
5.10000000 -0.01178390 0.99415833
5.11000000 -0.01166706 0.99421574
5.12000000 -0.01155138 0.99427260
5.13000000 -0.01143683 0.99432891
5.14000000 -0.01132341 0.99438467
5.15000000 -0.01121110 0.99443990
5.16000000 -0.01109990 0.99449459
5.17000000 -0.01098979 0.99454875
5.18000000 -0.01088077 0.99460239
5.19000000 -0.01077281 0.99465551
5.20000000 -0.01066592 0.99470812
5.21000000 -0.01056009 0.99476022
5.22000000 -0.01045529 0.99481181
5.23000000 -0.01035153 0.99486290
5.24000000 -0.01024878 0.99491350
5.25000000 -0.01014705 0.99496361
5.26000000 -0.01004633 0.99501323
5.27000000 -0.00994659 0.99506237
5.28000000 -0.00984784 0.99511103
5.29000000 -0.00975006 0.99515922
5.30000000 -0.00965324 0.99520695
5.31000000 -0.00955738 0.99525420
5.32000000 -0.00946247 0.99530100
5.33000000 -0.00936849 0.99534735
5.34000000 -0.00927543 0.99539324
5.35000000 -0.00918330 0.99543869
5.36000000 -0.00909207 0.99548370
5.37000000 -0.00900175 0.99552827
5.38000000 -0.00891231 0.99557240
5.39000000 -0.00882376 0.99561611
5.40000000 -0.00873608 0.99565939
5.41000000 -0.00864927 0.99570224
5.42000000 -0.00856331 0.99574468
5.43000000 -0.00847821 0.99578671
5.44000000 -0.00839394 0.99582833
5.45000000 -0.00831051 0.99586954
5.46000000 -0.00822790 0.99591035
5.47000000 -0.00814611 0.99595076
5.48000000 -0.00806512 0.99599077
5.49000000 -0.00798494 0.99603040
5.50000000 -0.00790555 0.99606964
5.51000000 -0.00782694 0.99610849
5.52000000 -0.00774911 0.99614697
5.53000000 -0.00767205 0.99618507
5.54000000 -0.00759575 0.99622280
5.55000000 -0.00752020 0.99626015
5.56000000 -0.00744541 0.99629715
5.57000000 -0.00737135 0.99633378
5.58000000 -0.00729803 0.99637005
5.59000000 -0.00722543 0.99640597
5.60000000 -0.00715355 0.99644154
5.61000000 -0.00708238 0.99647676
5.62000000 -0.00701191 0.99651163
5.63000000 -0.00694214 0.99654616
5.64000000 -0.00687307 0.99658035
5.65000000 -0.00680468 0.99661421
5.66000000 -0.00673696 0.99664774
5.67000000 -0.00666991 0.99668094
5.68000000 -0.00660353 0.99671381
5.69000000 -0.00653781 0.99674636
5.70000000 -0.00647274 0.99677859
5.71000000 -0.00640831 0.99681051
5.72000000 -0.00634452 0.99684211
5.73000000 -0.00628136 0.99687340
5.74000000 -0.00621883 0.99690439
5.75000000 -0.00615692 0.99693507
5.76000000 -0.00609562 0.99696544
5.77000000 -0.00603493 0.99699552
5.78000000 -0.00597484 0.99702531
5.79000000 -0.00591534 0.99705480
5.80000000 -0.00585644 0.99708400
5.81000000 -0.00579812 0.99711292
5.82000000 -0.00574038 0.99714155
5.83000000 -0.00568321 0.99716990
5.84000000 -0.00562661 0.99719797
5.85000000 -0.00557057 0.99722577
5.86000000 -0.00551508 0.99725329
5.87000000 -0.00546015 0.99728054
5.88000000 -0.00540576 0.99730752
5.89000000 -0.00535191 0.99733424
5.90000000 -0.00529859 0.99736069
5.91000000 -0.00524581 0.99738688
5.92000000 -0.00519354 0.99741282
5.93000000 -0.00514180 0.99743850
5.94000000 -0.00509057 0.99746393
5.95000000 -0.00503985 0.99748910
5.96000000 -0.00498963 0.99751403
5.97000000 -0.00493991 0.99753871
5.98000000 -0.00489069 0.99756315
5.99000000 -0.00484195 0.99758735
6.00000000 -0.00479370 0.99761131
6.01000000 -0.00474592 0.99763504
6.02000000 -0.00469862 0.99765853
6.03000000 -0.00465179 0.99768178
6.04000000 -0.00460543 0.99770481
6.05000000 -0.00455953 0.99772761
6.06000000 -0.00451408 0.99775019
6.07000000 -0.00446908 0.99777254
6.08000000 -0.00442453 0.99779468
6.09000000 -0.00438043 0.99781659
6.10000000 -0.00433676 0.99783829
6.11000000 -0.00429352 0.99785977
6.12000000 -0.00425072 0.99788104
6.13000000 -0.00420834 0.99790211
6.14000000 -0.00416638 0.99792296
6.15000000 -0.00412484 0.99794361
6.16000000 -0.00408371 0.99796405
6.17000000 -0.00404300 0.99798429
6.18000000 -0.00400268 0.99800433
6.19000000 -0.00396277 0.99802418
6.20000000 -0.00392325 0.99804382
6.21000000 -0.00388413 0.99806328
6.22000000 -0.00384539 0.99808254
6.23000000 -0.00380704 0.99810161
6.24000000 -0.00376908 0.99812049
6.25000000 -0.00373149 0.99813918
6.26000000 -0.00369427 0.99815769
6.27000000 -0.00365742 0.99817602
6.28000000 -0.00362094 0.99819416
6.29000000 -0.00358483 0.99821213
6.30000000 -0.00354907 0.99822992
6.31000000 -0.00351367 0.99824753
6.32000000 -0.00347862 0.99826497
6.33000000 -0.00344392 0.99828223
6.34000000 -0.00340956 0.99829932
6.35000000 -0.00337555 0.99831625
6.36000000 -0.00334187 0.99833301
6.37000000 -0.00330853 0.99834960
6.38000000 -0.00327553 0.99836602
6.39000000 -0.00324285 0.99838229
6.40000000 -0.00321049 0.99839839
6.41000000 -0.00317846 0.99841433
6.42000000 -0.00314675 0.99843012
6.43000000 -0.00311535 0.99844575
6.44000000 -0.00308426 0.99846122
6.45000000 -0.00305349 0.99847654
6.46000000 -0.00302302 0.99849171
6.47000000 -0.00299285 0.99850673
6.48000000 -0.00296299 0.99852160
6.49000000 -0.00293342 0.99853632
6.50000000 -0.00290415 0.99855090
6.51000000 -0.00287516 0.99856533
6.52000000 -0.00284647 0.99857962
6.53000000 -0.00281806 0.99859377
6.54000000 -0.00278994 0.99860777
6.55000000 -0.00276209 0.99862164
6.56000000 -0.00273453 0.99863537
6.57000000 -0.00270723 0.99864896
6.58000000 -0.00268021 0.99866242
6.59000000 -0.00265346 0.99867575
6.60000000 -0.00262698 0.99868894
6.61000000 -0.00260076 0.99870200
6.62000000 -0.00257480 0.99871493
6.63000000 -0.00254909 0.99872774
6.64000000 -0.00252365 0.99874042
6.65000000 -0.00249846 0.99875297
6.66000000 -0.00247352 0.99876539
6.67000000 -0.00244882 0.99877770
6.68000000 -0.00242438 0.99878988
6.69000000 -0.00240018 0.99880194
6.70000000 -0.00237621 0.99881388
6.71000000 -0.00235249 0.99882570
6.72000000 -0.00232901 0.99883740
6.73000000 -0.00230575 0.99884899
6.74000000 -0.00228273 0.99886046
6.75000000 -0.00225994 0.99887182
6.76000000 -0.00223738 0.99888307
6.77000000 -0.00221504 0.99889420
6.78000000 -0.00219293 0.99890523
6.79000000 -0.00217103 0.99891614
6.80000000 -0.00214935 0.99892694
6.81000000 -0.00212789 0.99893764
6.82000000 -0.00210664 0.99894823
6.83000000 -0.00208561 0.99895872
6.84000000 -0.00206478 0.99896910
6.85000000 -0.00204417 0.99897938
6.86000000 -0.00202375 0.99898956
6.87000000 -0.00200354 0.99899964
6.88000000 -0.00198354 0.99900961
6.89000000 -0.00196373 0.99901949
6.90000000 -0.00194412 0.99902927
6.91000000 -0.00192470 0.99903895
6.92000000 -0.00190548 0.99904853
6.93000000 -0.00188645 0.99905802
6.94000000 -0.00186761 0.99906741
6.95000000 -0.00184896 0.99907672
6.96000000 -0.00183050 0.99908592
6.97000000 -0.00181222 0.99909504
6.98000000 -0.00179412 0.99910407
6.99000000 -0.00177620 0.99911301
7.00000000 -0.00175846 0.99912185
7.01000000 -0.00174089 0.99913061
7.02000000 -0.00172351 0.99913929
7.03000000 -0.00170629 0.99914787
7.04000000 -0.00168925 0.99915637
7.05000000 -0.00167238 0.99916479
7.06000000 -0.00165567 0.99917312
7.07000000 -0.00163914 0.99918137
7.08000000 -0.00162276 0.99918954
7.09000000 -0.00160655 0.99919763
7.10000000 -0.00159051 0.99920563
7.11000000 -0.00157462 0.99921356
7.12000000 -0.00155889 0.99922140
7.13000000 -0.00154332 0.99922917
7.14000000 -0.00152790 0.99923686
7.15000000 -0.00151264 0.99924448
7.16000000 -0.00149753 0.99925202
7.17000000 -0.00148257 0.99925948
7.18000000 -0.00146776 0.99926687
7.19000000 -0.00145310 0.99927419
7.20000000 -0.00143858 0.99928143
7.21000000 -0.00142421 0.99928860
7.22000000 -0.00140998 0.99929570
7.23000000 -0.00139589 0.99930273
7.24000000 -0.00138195 0.99930969
7.25000000 -0.00136814 0.99931658
7.26000000 -0.00135448 0.99932340
7.27000000 -0.00134094 0.99933016
7.28000000 -0.00132755 0.99933684
7.29000000 -0.00131428 0.99934346
7.30000000 -0.00130115 0.99935001
7.31000000 -0.00128815 0.99935650
7.32000000 -0.00127528 0.99936293
7.33000000 -0.00126254 0.99936929
7.34000000 -0.00124993 0.99937558
7.35000000 -0.00123744 0.99938181
7.36000000 -0.00122507 0.99938799
7.37000000 -0.00121283 0.99939410
7.38000000 -0.00120072 0.99940014
7.39000000 -0.00118872 0.99940613
7.40000000 -0.00117684 0.99941206
7.41000000 -0.00116508 0.99941793
7.42000000 -0.00115344 0.99942374
7.43000000 -0.00114192 0.99942950
7.44000000 -0.00113051 0.99943519
7.45000000 -0.00111921 0.99944083
7.46000000 -0.00110803 0.99944641
7.47000000 -0.00109696 0.99945194
7.48000000 -0.00108599 0.99945741
7.49000000 -0.00107514 0.99946283
7.50000000 -0.00106440 0.99946819
7.51000000 -0.00105376 0.99947350
7.52000000 -0.00104323 0.99947876
7.53000000 -0.00103281 0.99948397
7.54000000 -0.00102249 0.99948912
7.55000000 -0.00101227 0.99949422
7.56000000 -0.00100215 0.99949927
7.57000000 -0.00099214 0.99950427
7.58000000 -0.00098223 0.99950922
7.59000000 -0.00097241 0.99951412
7.60000000 -0.00096269 0.99951898
7.61000000 -0.00095307 0.99952378
7.62000000 -0.00094355 0.99952854
7.63000000 -0.00093412 0.99953324
7.64000000 -0.00092478 0.99953791
7.65000000 -0.00091554 0.99954252
7.66000000 -0.00090639 0.99954709
7.67000000 -0.00089733 0.99955161
7.68000000 -0.00088837 0.99955609
7.69000000 -0.00087949 0.99956052
7.70000000 -0.00087070 0.99956491
7.71000000 -0.00086200 0.99956926
7.72000000 -0.00085338 0.99957356
7.73000000 -0.00084485 0.99957782
7.74000000 -0.00083641 0.99958204
7.75000000 -0.00082805 0.99958621
7.76000000 -0.00081977 0.99959035
7.77000000 -0.00081158 0.99959444
7.78000000 -0.00080347 0.99959849
7.79000000 -0.00079544 0.99960250
7.80000000 -0.00078749 0.99960647
7.81000000 -0.00077962 0.99961040
7.82000000 -0.00077183 0.99961429
7.83000000 -0.00076411 0.99961815
7.84000000 -0.00075648 0.99962196
7.85000000 -0.00074891 0.99962574
7.86000000 -0.00074143 0.99962948
7.87000000 -0.00073402 0.99963318
7.88000000 -0.00072668 0.99963684
7.89000000 -0.00071942 0.99964047
7.90000000 -0.00071223 0.99964406
7.91000000 -0.00070511 0.99964762
7.92000000 -0.00069806 0.99965114
7.93000000 -0.00069109 0.99965462
7.94000000 -0.00068418 0.99965807
7.95000000 -0.00067734 0.99966149
7.96000000 -0.00067057 0.99966487
7.97000000 -0.00066387 0.99966822
7.98000000 -0.00065723 0.99967153
7.99000000 -0.00065066 0.99967482
8.00000000 -0.00064416 0.99967806
8.01000000 -0.00063772 0.99968128
8.02000000 -0.00063134 0.99968447
8.03000000 -0.00062503 0.99968762
8.04000000 -0.00061879 0.99969074
8.05000000 -0.00061260 0.99969383
8.06000000 -0.00060648 0.99969689
8.07000000 -0.00060042 0.99969992
8.08000000 -0.00059441 0.99970292
8.09000000 -0.00058847 0.99970588
8.10000000 -0.00058259 0.99970882
8.11000000 -0.00057677 0.99971173
8.12000000 -0.00057100 0.99971461
8.13000000 -0.00056529 0.99971746
8.14000000 -0.00055964 0.99972029
8.15000000 -0.00055405 0.99972308
8.16000000 -0.00054851 0.99972585
8.17000000 -0.00054303 0.99972859
8.18000000 -0.00053760 0.99973130
8.19000000 -0.00053222 0.99973399
8.20000000 -0.00052690 0.99973664
8.21000000 -0.00052164 0.99973928
8.22000000 -0.00051642 0.99974188
8.23000000 -0.00051126 0.99974446
8.24000000 -0.00050615 0.99974701
8.25000000 -0.00050109 0.99974954
8.26000000 -0.00049608 0.99975204
8.27000000 -0.00049112 0.99975452
8.28000000 -0.00048621 0.99975698
8.29000000 -0.00048135 0.99975940
8.30000000 -0.00047654 0.99976181
8.31000000 -0.00047178 0.99976419
8.32000000 -0.00046706 0.99976655
8.33000000 -0.00046239 0.99976888
8.34000000 -0.00045777 0.99977119
8.35000000 -0.00045319 0.99977347
8.36000000 -0.00044866 0.99977574
8.37000000 -0.00044418 0.99977798
8.38000000 -0.00043974 0.99978020
8.39000000 -0.00043534 0.99978240
8.40000000 -0.00043099 0.99978457
8.41000000 -0.00042668 0.99978672
8.42000000 -0.00042241 0.99978885
8.43000000 -0.00041819 0.99979097
8.44000000 -0.00041401 0.99979305
8.45000000 -0.00040987 0.99979512
8.46000000 -0.00040577 0.99979717
8.47000000 -0.00040172 0.99979920
8.48000000 -0.00039770 0.99980120
8.49000000 -0.00039372 0.99980319
8.50000000 -0.00038979 0.99980516
8.51000000 -0.00038589 0.99980711
8.52000000 -0.00038203 0.99980903
8.53000000 -0.00037821 0.99981094
8.54000000 -0.00037443 0.99981283
8.55000000 -0.00037069 0.99981470
8.56000000 -0.00036698 0.99981655
8.57000000 -0.00036331 0.99981839
8.58000000 -0.00035968 0.99982020
8.59000000 -0.00035609 0.99982200
8.60000000 -0.00035253 0.99982378
8.61000000 -0.00034900 0.99982554
8.62000000 -0.00034551 0.99982728
8.63000000 -0.00034206 0.99982901
8.64000000 -0.00033864 0.99983072
8.65000000 -0.00033525 0.99983241
8.66000000 -0.00033190 0.99983409
8.67000000 -0.00032858 0.99983575
8.68000000 -0.00032530 0.99983739
8.69000000 -0.00032205 0.99983901
8.70000000 -0.00031883 0.99984062
8.71000000 -0.00031564 0.99984221
8.72000000 -0.00031248 0.99984379
8.73000000 -0.00030936 0.99984535
8.74000000 -0.00030627 0.99984690
8.75000000 -0.00030320 0.99984843
8.76000000 -0.00030017 0.99984994
8.77000000 -0.00029717 0.99985144
8.78000000 -0.00029420 0.99985293
8.79000000 -0.00029126 0.99985440
8.80000000 -0.00028835 0.99985586
8.81000000 -0.00028546 0.99985730
8.82000000 -0.00028261 0.99985872
8.83000000 -0.00027978 0.99986013
8.84000000 -0.00027699 0.99986153
8.85000000 -0.00027422 0.99986292
8.86000000 -0.00027148 0.99986429
8.87000000 -0.00026876 0.99986564
8.88000000 -0.00026607 0.99986699
8.89000000 -0.00026341 0.99986832
8.90000000 -0.00026078 0.99986963
8.91000000 -0.00025817 0.99987094
8.92000000 -0.00025559 0.99987223
8.93000000 -0.00025304 0.99987350
8.94000000 -0.00025051 0.99987477
8.95000000 -0.00024800 0.99987602
8.96000000 -0.00024552 0.99987726
8.97000000 -0.00024307 0.99987849
8.98000000 -0.00024064 0.99987970
8.99000000 -0.00023823 0.99988090
9.00000000 -0.00023585 0.99988209
9.01000000 -0.00023349 0.99988327
9.02000000 -0.00023116 0.99988444
9.03000000 -0.00022885 0.99988560
9.04000000 -0.00022656 0.99988674
9.05000000 -0.00022429 0.99988787
9.06000000 -0.00022205 0.99988899
9.07000000 -0.00021983 0.99989010
9.08000000 -0.00021763 0.99989120
9.09000000 -0.00021546 0.99989229
9.10000000 -0.00021330 0.99989336
9.11000000 -0.00021117 0.99989443
9.12000000 -0.00020906 0.99989549
9.13000000 -0.00020697 0.99989653
9.14000000 -0.00020490 0.99989757
9.15000000 -0.00020285 0.99989859
9.16000000 -0.00020082 0.99989960
9.17000000 -0.00019881 0.99990061
9.18000000 -0.00019682 0.99990160
9.19000000 -0.00019486 0.99990258
9.20000000 -0.00019291 0.99990356
9.21000000 -0.00019098 0.99990452
9.22000000 -0.00018907 0.99990548
9.23000000 -0.00018718 0.99990642
9.24000000 -0.00018531 0.99990736
9.25000000 -0.00018346 0.99990828
9.26000000 -0.00018162 0.99990920
9.27000000 -0.00017981 0.99991011
9.28000000 -0.00017801 0.99991101
9.29000000 -0.00017623 0.99991190
9.30000000 -0.00017447 0.99991278
9.31000000 -0.00017272 0.99991365
9.32000000 -0.00017099 0.99991451
9.33000000 -0.00016928 0.99991537
9.34000000 -0.00016759 0.99991621
9.35000000 -0.00016592 0.99991705
9.36000000 -0.00016426 0.99991788
9.37000000 -0.00016261 0.99991870
9.38000000 -0.00016099 0.99991951
9.39000000 -0.00015938 0.99992032
9.40000000 -0.00015779 0.99992112
9.41000000 -0.00015621 0.99992190
9.42000000 -0.00015465 0.99992269
9.43000000 -0.00015310 0.99992346
9.44000000 -0.00015157 0.99992422
9.45000000 -0.00015005 0.99992498
9.46000000 -0.00014855 0.99992573
9.47000000 -0.00014707 0.99992647
9.48000000 -0.00014560 0.99992721
9.49000000 -0.00014414 0.99992794
9.50000000 -0.00014270 0.99992866
9.51000000 -0.00014127 0.99992937
9.52000000 -0.00013986 0.99993008
9.53000000 -0.00013846 0.99993078
9.54000000 -0.00013708 0.99993147
9.55000000 -0.00013571 0.99993215
9.56000000 -0.00013435 0.99993283
9.57000000 -0.00013301 0.99993350
9.58000000 -0.00013168 0.99993417
9.59000000 -0.00013036 0.99993483
9.60000000 -0.00012906 0.99993548
9.61000000 -0.00012777 0.99993612
9.62000000 -0.00012649 0.99993676
9.63000000 -0.00012522 0.99993739
9.64000000 -0.00012397 0.99993802
9.65000000 -0.00012273 0.99993864
9.66000000 -0.00012150 0.99993925
9.67000000 -0.00012029 0.99993986
9.68000000 -0.00011909 0.99994046
9.69000000 -0.00011790 0.99994106
9.70000000 -0.00011672 0.99994165
9.71000000 -0.00011555 0.99994223
9.72000000 -0.00011439 0.99994281
9.73000000 -0.00011325 0.99994338
9.74000000 -0.00011212 0.99994395
9.75000000 -0.00011100 0.99994451
9.76000000 -0.00010989 0.99994506
9.77000000 -0.00010879 0.99994561
9.78000000 -0.00010770 0.99994615
9.79000000 -0.00010662 0.99994669
9.80000000 -0.00010556 0.99994722
9.81000000 -0.00010450 0.99994775
9.82000000 -0.00010346 0.99994828
9.83000000 -0.00010242 0.99994879
9.84000000 -0.00010140 0.99994930
9.85000000 -0.00010038 0.99994981
9.86000000 -0.00009938 0.99995031
9.87000000 -0.00009839 0.99995081
9.88000000 -0.00009740 0.99995130
9.89000000 -0.00009643 0.99995179
9.90000000 -0.00009547 0.99995227
9.91000000 -0.00009451 0.99995275
9.92000000 -0.00009357 0.99995322
9.93000000 -0.00009263 0.99995369
9.94000000 -0.00009170 0.99995415
9.95000000 -0.00009079 0.99995461
9.96000000 -0.00008988 0.99995506
9.97000000 -0.00008898 0.99995551
9.98000000 -0.00008809 0.99995596
9.99000000 -0.00008721 0.99995640
10.00000000 -0.00008634 0.99995683
