0.00000000 1.00000000 3.00000000
0.01000000 1.02635685 3.01304891
0.02000000 1.05236070 3.02592133
0.03000000 1.07801622 3.03861961
0.04000000 1.10332805 3.05114604
0.05000000 1.12830074 3.06350292
0.06000000 1.15293879 3.07569249
0.07000000 1.17724663 3.08771696
0.08000000 1.20122866 3.09957854
0.09000000 1.22488918 3.11127938
0.10000000 1.24823247 3.12282161
0.11000000 1.27126272 3.13420734
0.12000000 1.29398410 3.14543864
0.13000000 1.31640071 3.15651756
0.14000000 1.33851658 3.16744613
0.15000000 1.36033570 3.17822633
0.16000000 1.38186201 3.18886014
0.17000000 1.40309939 3.19934950
0.18000000 1.42405168 3.20969632
0.19000000 1.44472266 3.21990250
0.20000000 1.46511605 3.22996989
0.21000000 1.48523555 3.23990035
0.22000000 1.50508478 3.24969569
0.23000000 1.52466733 3.25935770
0.24000000 1.54398674 3.26888815
0.25000000 1.56304650 3.27828878
0.26000000 1.58185004 3.28756132
0.27000000 1.60040078 3.29670747
0.28000000 1.61870206 3.30572890
0.29000000 1.63675719 3.31462726
0.30000000 1.65456945 3.32340420
0.31000000 1.67214204 3.33206132
0.32000000 1.68947815 3.34060020
0.33000000 1.70658091 3.34902243
0.34000000 1.72345343 3.35732955
0.35000000 1.74009875 3.36552307
0.36000000 1.75651989 3.37360452
0.37000000 1.77271982 3.38157538
0.38000000 1.78870148 3.38943711
0.39000000 1.80446776 3.39719116
0.40000000 1.82002152 3.40483896
0.41000000 1.83536558 3.41238193
0.42000000 1.85050272 3.41982144
0.43000000 1.86543569 3.42715888
0.44000000 1.88016719 3.43439560
0.45000000 1.89469989 3.44153293
0.46000000 1.90903644 3.44857219
0.47000000 1.92317943 3.45551468
0.48000000 1.93713143 3.46236170
0.49000000 1.95089498 3.46911450
0.50000000 1.96447258 3.47577433
0.51000000 1.97786668 3.48234243
0.52000000 1.99107974 3.48882001
0.53000000 2.00411414 3.49520828
0.54000000 2.01697226 3.50150842
0.55000000 2.02965644 3.50772160
0.56000000 2.04216898 3.51384897
0.57000000 2.05451216 3.51989167
0.58000000 2.06668823 3.52585083
0.59000000 2.07869941 3.53172755
0.60000000 2.09054787 3.53752293
0.61000000 2.10223579 3.54323804
0.62000000 2.11376528 3.54887396
0.63000000 2.12513846 3.55443172
0.64000000 2.13635739 3.55991238
0.65000000 2.14742412 3.56531695
0.66000000 2.15834068 3.57064643
0.67000000 2.16910904 3.57590184
0.68000000 2.17973118 3.58108415
0.69000000 2.19020905 3.58619432
0.70000000 2.20054454 3.59123332
0.71000000 2.21073955 3.59620210
0.72000000 2.22079595 3.60110158
0.73000000 2.23071557 3.60593268
0.74000000 2.24050023 3.61069631
0.75000000 2.25015172 3.61539336
0.76000000 2.25967180 3.62002473
0.77000000 2.26906221 3.62459127
0.78000000 2.27832469 3.62909385
0.79000000 2.28746092 3.63353332
0.80000000 2.29647258 3.63791052
0.81000000 2.30536132 3.64222627
0.82000000 2.31412878 3.64648139
0.83000000 2.32277656 3.65067668
0.84000000 2.33130624 3.65481294
0.85000000 2.33971941 3.65889094
0.86000000 2.34801759 3.66291147
0.87000000 2.35620233 3.66687528
0.88000000 2.36427511 3.67078313
0.89000000 2.37223744 3.67463576
0.90000000 2.38009076 3.67843390
0.91000000 2.38783654 3.68217828
0.92000000 2.39547619 3.68586960
0.93000000 2.40301112 3.68950858
0.94000000 2.41044273 3.69309591
0.95000000 2.41777238 3.69663227
0.96000000 2.42500143 3.70011834
0.97000000 2.43213121 3.70355478
0.98000000 2.43916303 3.70694226
0.99000000 2.44609821 3.71028143
1.00000000 2.45293801 3.71357292
1.01000000 2.45968371 3.71681737
1.02000000 2.46633655 3.72001540
1.03000000 2.47289777 3.72316763
1.04000000 2.47936858 3.72627467
1.05000000 2.48575017 3.72933712
1.06000000 2.49204375 3.73235556
1.07000000 2.49825046 3.73533058
1.08000000 2.50437147 3.73826277
1.09000000 2.51040791 3.74115267
1.10000000 2.51636090 3.74400087
1.11000000 2.52223155 3.74680791
1.12000000 2.52802096 3.74957433
1.13000000 2.53373020 3.75230069
1.14000000 2.53936033 3.75498750
1.15000000 2.54491240 3.75763529
1.16000000 2.55038745 3.76024458
1.17000000 2.55578651 3.76281589
1.18000000 2.56111057 3.76534971
1.19000000 2.56636064 3.76784654
1.20000000 2.57153769 3.77030688
1.21000000 2.57664270 3.77273121
1.22000000 2.58167662 3.77512000
1.23000000 2.58664040 3.77747373
1.24000000 2.59153496 3.77979287
1.25000000 2.59636122 3.78207786
1.26000000 2.60112009 3.78432918
1.27000000 2.60581246 3.78654725
1.28000000 2.61043922 3.78873253
1.29000000 2.61500124 3.79088545
1.30000000 2.61949937 3.79300644
1.31000000 2.62393447 3.79509592
1.32000000 2.62830736 3.79715431
1.33000000 2.63261888 3.79918202
1.34000000 2.63686984 3.80117947
1.35000000 2.64106104 3.80314705
1.36000000 2.64519327 3.80508515
1.37000000 2.64926732 3.80699418
1.38000000 2.65328396 3.80887451
1.39000000 2.65724396 3.81072653
1.40000000 2.66114806 3.81255061
1.41000000 2.66499700 3.81434712
1.42000000 2.66879152 3.81611643
1.43000000 2.67253233 3.81785891
1.44000000 2.67622016 3.81957490
1.45000000 2.67985570 3.82126476
1.46000000 2.68343966 3.82292883
1.47000000 2.68697270 3.82456746
1.48000000 2.69045551 3.82618099
1.49000000 2.69388876 3.82776975
1.50000000 2.69727310 3.82933406
1.51000000 2.70060918 3.83087425
1.52000000 2.70389765 3.83239065
1.53000000 2.70713913 3.83388357
1.54000000 2.71033424 3.83535331
1.55000000 2.71348361 3.83680019
1.56000000 2.71658784 3.83822452
1.57000000 2.71964752 3.83962658
1.58000000 2.72266326 3.84100668
1.59000000 2.72563563 3.84236510
1.60000000 2.72856520 3.84370215
1.61000000 2.73145256 3.84501809
1.62000000 2.73429825 3.84631321
1.63000000 2.73710283 3.84758778
1.64000000 2.73986684 3.84884209
1.65000000 2.74259083 3.85007639
1.66000000 2.74527533 3.85129096
1.67000000 2.74792085 3.85248605
1.68000000 2.75052792 3.85366192
1.69000000 2.75309704 3.85481884
1.70000000 2.75562872 3.85595704
1.71000000 2.75812347 3.85707679
1.72000000 2.76058175 3.85817832
1.73000000 2.76300407 3.85926187
1.74000000 2.76539090 3.86032769
1.75000000 2.76774271 3.86137602
1.76000000 2.77005996 3.86240707
1.77000000 2.77234311 3.86342109
1.78000000 2.77459262 3.86441829
1.79000000 2.77680893 3.86539891
1.80000000 2.77899248 3.86636316
1.81000000 2.78114371 3.86731126
1.82000000 2.78326305 3.86824342
1.83000000 2.78535091 3.86915986
1.84000000 2.78740773 3.87006079
1.85000000 2.78943390 3.87094640
1.86000000 2.79142984 3.87181691
1.87000000 2.79339594 3.87267251
1.88000000 2.79533261 3.87351341
1.89000000 2.79724023 3.87433979
1.90000000 2.79911920 3.87515186
1.91000000 2.80096988 3.87594980
1.92000000 2.80279266 3.87673379
1.93000000 2.80458790 3.87750403
1.94000000 2.80635598 3.87826069
1.95000000 2.80809725 3.87900397
1.96000000 2.80981206 3.87973402
1.97000000 2.81150077 3.88045104
1.98000000 2.81316373 3.88115519
1.99000000 2.81480128 3.88184665
2.00000000 2.81641375 3.88252558
2.01000000 2.81800148 3.88319215
2.02000000 2.81956480 3.88384652
2.03000000 2.82110402 3.88448886
2.04000000 2.82261948 3.88511933
2.05000000 2.82411148 3.88573807
2.06000000 2.82558034 3.88634526
2.07000000 2.82702636 3.88694104
2.08000000 2.82844985 3.88752557
2.09000000 2.82985111 3.88809899
2.10000000 2.83123043 3.88866145
2.11000000 2.83258810 3.88921310
2.12000000 2.83392441 3.88975408
2.13000000 2.83523964 3.89028454
2.14000000 2.83653408 3.89080461
2.15000000 2.83780800 3.89131442
2.16000000 2.83906167 3.89181413
2.17000000 2.84029536 3.89230385
2.18000000 2.84150934 3.89278374
2.19000000 2.84270387 3.89325390
2.20000000 2.84387921 3.89371448
2.21000000 2.84503560 3.89416560
2.22000000 2.84617331 3.89460739
2.23000000 2.84729258 3.89503997
2.24000000 2.84839365 3.89546347
2.25000000 2.84947678 3.89587800
2.26000000 2.85054219 3.89628368
2.27000000 2.85159012 3.89668064
2.28000000 2.85262080 3.89706898
2.29000000 2.85363446 3.89744882
2.30000000 2.85463134 3.89782028
2.31000000 2.85561164 3.89818347
2.32000000 2.85657560 3.89853849
2.33000000 2.85752343 3.89888546
2.34000000 2.85845533 3.89922448
2.35000000 2.85937154 3.89955566
2.36000000 2.86027224 3.89987910
2.37000000 2.86115766 3.90019491
2.38000000 2.86202798 3.90050318
2.39000000 2.86288342 3.90080402
2.40000000 2.86372417 3.90109753
2.41000000 2.86455042 3.90138380
2.42000000 2.86536237 3.90166293
2.43000000 2.86616021 3.90193501
2.44000000 2.86694412 3.90220015
2.45000000 2.86771429 3.90245842
2.46000000 2.86847091 3.90270993
2.47000000 2.86921415 3.90295475
2.48000000 2.86994419 3.90319299
2.49000000 2.87066120 3.90342473
2.50000000 2.87136536 3.90365005
2.51000000 2.87205685 3.90386905
2.52000000 2.87273582 3.90408180
2.53000000 2.87340244 3.90428839
2.54000000 2.87405689 3.90448889
2.55000000 2.87469931 3.90468340
2.56000000 2.87532987 3.90487199
2.57000000 2.87594873 3.90505474
2.58000000 2.87655605 3.90523173
2.59000000 2.87715197 3.90540303
2.60000000 2.87773665 3.90556872
2.61000000 2.87831023 3.90572887
2.62000000 2.87887287 3.90588357
2.63000000 2.87942471 3.90603287
2.64000000 2.87996590 3.90617686
2.65000000 2.88049657 3.90631560
2.66000000 2.88101686 3.90644916
2.67000000 2.88152692 3.90657762
2.68000000 2.88202687 3.90670104
2.69000000 2.88251686 3.90681948
2.70000000 2.88299702 3.90693302
2.71000000 2.88346747 3.90704172
2.72000000 2.88392835 3.90714564
2.73000000 2.88437978 3.90724485
2.74000000 2.88482189 3.90733940
2.75000000 2.88525480 3.90742938
2.76000000 2.88567863 3.90751482
2.77000000 2.88609351 3.90759580
2.78000000 2.88649956 3.90767237
2.79000000 2.88689688 3.90774459
2.80000000 2.88728561 3.90781252
2.81000000 2.88766584 3.90787622
2.82000000 2.88803771 3.90793574
2.83000000 2.88840130 3.90799114
2.84000000 2.88875675 3.90804248
2.85000000 2.88910415 3.90808980
2.86000000 2.88944361 3.90813317
2.87000000 2.88977523 3.90817263
2.88000000 2.89009913 3.90820823
2.89000000 2.89041540 3.90824004
2.90000000 2.89072415 3.90826809
2.91000000 2.89102548 3.90829244
2.92000000 2.89131948 3.90831314
2.93000000 2.89160625 3.90833024
2.94000000 2.89188588 3.90834378
2.95000000 2.89215849 3.90835382
2.96000000 2.89242414 3.90836039
2.97000000 2.89268295 3.90836355
2.98000000 2.89293500 3.90836334
2.99000000 2.89318038 3.90835981
3.00000000 2.89341917 3.90835299
3.01000000 2.89365148 3.90834294
3.02000000 2.89387737 3.90832970
3.03000000 2.89409694 3.90831331
3.04000000 2.89431028 3.90829381
3.05000000 2.89451746 3.90827124
3.06000000 2.89471857 3.90824565
3.07000000 2.89491369 3.90821707
3.08000000 2.89510289 3.90818555
3.09000000 2.89528626 3.90815112
3.10000000 2.89546388 3.90811382
3.11000000 2.89563581 3.90807370
3.12000000 2.89580214 3.90803078
3.13000000 2.89596295 3.90798511
3.14000000 2.89611829 3.90793673
3.15000000 2.89626826 3.90788566
3.16000000 2.89641291 3.90783195
3.17000000 2.89655233 3.90777563
3.18000000 2.89668657 3.90771674
3.19000000 2.89681571 3.90765530
3.20000000 2.89693982 3.90759136
3.21000000 2.89705896 3.90752495
3.22000000 2.89717320 3.90745610
3.23000000 2.89728260 3.90738484
3.24000000 2.89738724 3.90731120
3.25000000 2.89748717 3.90723523
3.26000000 2.89758245 3.90715694
3.27000000 2.89767315 3.90707637
3.28000000 2.89775933 3.90699355
3.29000000 2.89784104 3.90690852
3.30000000 2.89791836 3.90682129
3.31000000 2.89799133 3.90673190
3.32000000 2.89806002 3.90664038
3.33000000 2.89812448 3.90654676
3.34000000 2.89818477 3.90645106
3.35000000 2.89824094 3.90635331
3.36000000 2.89829305 3.90625355
3.37000000 2.89834115 3.90615179
3.38000000 2.89838530 3.90604807
3.39000000 2.89842555 3.90594240
3.40000000 2.89846194 3.90583482
3.41000000 2.89849455 3.90572536
3.42000000 2.89852340 3.90561403
3.43000000 2.89854856 3.90550087
3.44000000 2.89857007 3.90538589
3.45000000 2.89858798 3.90526912
3.46000000 2.89860234 3.90515059
3.47000000 2.89861320 3.90503032
3.48000000 2.89862059 3.90490833
3.49000000 2.89862458 3.90478464
3.50000000 2.89862521 3.90465929
3.51000000 2.89862251 3.90453228
3.52000000 2.89861654 3.90440365
3.53000000 2.89860734 3.90427341
3.54000000 2.89859494 3.90414159
3.55000000 2.89857940 3.90400820
3.56000000 2.89856076 3.90387328
3.57000000 2.89853905 3.90373683
3.58000000 2.89851432 3.90359889
3.59000000 2.89848661 3.90345946
3.60000000 2.89845596 3.90331857
3.61000000 2.89842240 3.90317625
3.62000000 2.89838598 3.90303250
3.63000000 2.89834674 3.90288735
3.64000000 2.89830471 3.90274082
3.65000000 2.89825993 3.90259292
3.66000000 2.89821243 3.90244368
3.67000000 2.89816226 3.90229311
3.68000000 2.89810944 3.90214123
3.69000000 2.89805402 3.90198805
3.70000000 2.89799603 3.90183361
3.71000000 2.89793550 3.90167790
3.72000000 2.89787246 3.90152095
3.73000000 2.89780696 3.90136278
3.74000000 2.89773902 3.90120341
3.75000000 2.89766868 3.90104284
3.76000000 2.89759596 3.90088109
3.77000000 2.89752091 3.90071819
3.78000000 2.89744354 3.90055414
3.79000000 2.89736390 3.90038897
3.80000000 2.89728201 3.90022268
3.81000000 2.89719791 3.90005530
3.82000000 2.89711161 3.89988683
3.83000000 2.89702316 3.89971729
3.84000000 2.89693258 3.89954670
3.85000000 2.89683990 3.89937507
3.86000000 2.89674515 3.89920242
3.87000000 2.89664835 3.89902875
3.88000000 2.89654953 3.89885408
3.89000000 2.89644872 3.89867843
3.90000000 2.89634595 3.89850181
3.91000000 2.89624124 3.89832423
3.92000000 2.89613462 3.89814571
3.93000000 2.89602612 3.89796626
3.94000000 2.89591575 3.89778588
3.95000000 2.89580355 3.89760460
3.96000000 2.89568954 3.89742242
3.97000000 2.89557374 3.89723936
3.98000000 2.89545617 3.89705543
3.99000000 2.89533687 3.89687065
4.00000000 2.89521586 3.89668501
4.01000000 2.89509315 3.89649854
4.02000000 2.89496877 3.89631125
4.03000000 2.89484274 3.89612314
4.04000000 2.89471509 3.89593423
4.05000000 2.89458584 3.89574453
4.06000000 2.89445500 3.89555405
4.07000000 2.89432260 3.89536280
4.08000000 2.89418867 3.89517079
4.09000000 2.89405321 3.89497803
4.10000000 2.89391626 3.89478454
4.11000000 2.89377783 3.89459031
4.12000000 2.89363793 3.89439537
4.13000000 2.89349660 3.89419972
4.14000000 2.89335386 3.89400337
4.15000000 2.89320971 3.89380633
4.16000000 2.89306417 3.89360861
4.17000000 2.89291728 3.89341022
4.18000000 2.89276904 3.89321117
4.19000000 2.89261948 3.89301146
4.20000000 2.89246861 3.89281111
4.21000000 2.89231644 3.89261013
4.22000000 2.89216300 3.89240852
4.23000000 2.89200831 3.89220630
4.24000000 2.89185238 3.89200346
4.25000000 2.89169522 3.89180003
4.26000000 2.89153686 3.89159600
4.27000000 2.89137731 3.89139139
4.28000000 2.89121658 3.89118620
4.29000000 2.89105470 3.89098045
4.30000000 2.89089167 3.89077413
4.31000000 2.89072752 3.89056726
4.32000000 2.89056226 3.89035985
4.33000000 2.89039590 3.89015190
4.34000000 2.89022845 3.88994342
4.35000000 2.89005995 3.88973441
4.36000000 2.88989038 3.88952489
4.37000000 2.88971978 3.88931487
4.38000000 2.88954816 3.88910434
4.39000000 2.88937552 3.88889331
4.40000000 2.88920189 3.88868180
4.41000000 2.88902728 3.88846981
4.42000000 2.88885169 3.88825734
4.43000000 2.88867515 3.88804441
4.44000000 2.88849766 3.88783101
4.45000000 2.88831924 3.88761716
4.46000000 2.88813991 3.88740286
4.47000000 2.88795967 3.88718812
4.48000000 2.88777853 3.88697295
4.49000000 2.88759652 3.88675734
4.50000000 2.88741363 3.88654131
4.51000000 2.88722989 3.88632486
4.52000000 2.88704530 3.88610800
4.53000000 2.88685987 3.88589073
4.54000000 2.88667362 3.88567306
4.55000000 2.88648656 3.88545500
4.56000000 2.88629870 3.88523654
4.57000000 2.88611005 3.88501770
4.58000000 2.88592062 3.88479849
4.59000000 2.88573042 3.88457890
4.60000000 2.88553947 3.88435894
4.61000000 2.88534776 3.88413862
4.62000000 2.88515532 3.88391794
4.63000000 2.88496215 3.88369690
4.64000000 2.88476826 3.88347552
4.65000000 2.88457367 3.88325380
4.66000000 2.88437837 3.88303174
4.67000000 2.88418239 3.88280934
4.68000000 2.88398573 3.88258661
4.69000000 2.88378840 3.88236356
4.70000000 2.88359040 3.88214020
4.71000000 2.88339176 3.88191651
4.72000000 2.88319247 3.88169252
4.73000000 2.88299255 3.88146822
4.74000000 2.88279201 3.88124361
4.75000000 2.88259084 3.88101871
4.76000000 2.88238907 3.88079352
4.77000000 2.88218670 3.88056804
4.78000000 2.88198374 3.88034227
4.79000000 2.88178019 3.88011622
4.80000000 2.88157607 3.87988989
4.81000000 2.88137138 3.87966329
4.82000000 2.88116614 3.87943642
4.83000000 2.88096033 3.87920929
4.84000000 2.88075399 3.87898189
4.85000000 2.88054711 3.87875424
4.86000000 2.88033970 3.87852633
4.87000000 2.88013176 3.87829818
4.88000000 2.87992331 3.87806977
4.89000000 2.87971436 3.87784113
4.90000000 2.87950490 3.87761224
4.91000000 2.87929495 3.87738311
4.92000000 2.87908451 3.87715376
4.93000000 2.87887359 3.87692417
4.94000000 2.87866219 3.87669436
4.95000000 2.87845033 3.87646433
4.96000000 2.87823801 3.87623407
4.97000000 2.87802524 3.87600360
4.98000000 2.87781202 3.87577292
4.99000000 2.87759835 3.87554202
5.00000000 2.87738425 3.87531092
5.01000000 2.87716972 3.87507961
5.02000000 2.87695477 3.87484811
5.03000000 2.87673939 3.87461640
5.04000000 2.87652361 3.87438450
5.05000000 2.87630742 3.87415241
5.06000000 2.87609083 3.87392013
5.07000000 2.87587385 3.87368766
5.08000000 2.87565647 3.87345501
5.09000000 2.87543872 3.87322217
5.10000000 2.87522058 3.87298916
5.11000000 2.87500207 3.87275597
5.12000000 2.87478319 3.87252261
5.13000000 2.87456395 3.87228908
5.14000000 2.87434435 3.87205538
5.15000000 2.87412440 3.87182151
5.16000000 2.87390410 3.87158748
5.17000000 2.87368346 3.87135329
5.18000000 2.87346248 3.87111895
5.19000000 2.87324117 3.87088444
5.20000000 2.87301953 3.87064978
5.21000000 2.87279756 3.87041498
5.22000000 2.87257528 3.87018002
5.23000000 2.87235268 3.86994491
5.24000000 2.87212977 3.86970966
5.25000000 2.87190655 3.86947427
5.26000000 2.87168304 3.86923874
5.27000000 2.87145922 3.86900307
5.28000000 2.87123511 3.86876727
5.29000000 2.87101072 3.86853133
5.30000000 2.87078604 3.86829526
5.31000000 2.87056107 3.86805905
5.32000000 2.87033583 3.86782273
5.33000000 2.87011032 3.86758627
5.34000000 2.86988454 3.86734969
5.35000000 2.86965850 3.86711299
5.36000000 2.86943219 3.86687618
5.37000000 2.86920562 3.86663924
5.38000000 2.86897881 3.86640218
5.39000000 2.86875174 3.86616501
5.40000000 2.86852442 3.86592773
5.41000000 2.86829686 3.86569034
5.42000000 2.86806907 3.86545284
5.43000000 2.86784103 3.86521523
5.44000000 2.86761277 3.86497752
5.45000000 2.86738427 3.86473970
5.46000000 2.86715555 3.86450178
5.47000000 2.86692661 3.86426376
5.48000000 2.86669744 3.86402564
5.49000000 2.86646806 3.86378742
5.50000000 2.86623847 3.86354911
5.51000000 2.86600867 3.86331070
5.52000000 2.86577866 3.86307220
5.53000000 2.86554844 3.86283361
5.54000000 2.86531803 3.86259493
5.55000000 2.86508741 3.86235616
5.56000000 2.86485661 3.86211730
5.57000000 2.86462561 3.86187836
5.58000000 2.86439442 3.86163933
5.59000000 2.86416304 3.86140022
5.60000000 2.86393148 3.86116103
5.61000000 2.86369974 3.86092176
5.62000000 2.86346782 3.86068242
5.63000000 2.86323573 3.86044299
5.64000000 2.86300346 3.86020349
5.65000000 2.86277102 3.85996391
5.66000000 2.86253841 3.85972426
5.67000000 2.86230564 3.85948454
5.68000000 2.86207270 3.85924475
5.69000000 2.86183961 3.85900489
5.70000000 2.86160635 3.85876496
5.71000000 2.86137294 3.85852496
5.72000000 2.86113938 3.85828489
5.73000000 2.86090567 3.85804476
5.74000000 2.86067180 3.85780457
5.75000000 2.86043779 3.85756432
5.76000000 2.86020364 3.85732400
5.77000000 2.85996934 3.85708362
5.78000000 2.85973490 3.85684318
5.79000000 2.85950033 3.85660269
5.80000000 2.85926562 3.85636214
5.81000000 2.85903077 3.85612153
5.82000000 2.85879580 3.85588086
5.83000000 2.85856069 3.85564015
5.84000000 2.85832546 3.85539937
5.85000000 2.85809010 3.85515855
5.86000000 2.85785462 3.85491768
5.87000000 2.85761901 3.85467675
5.88000000 2.85738329 3.85443578
5.89000000 2.85714745 3.85419476
5.90000000 2.85691149 3.85395369
5.91000000 2.85667542 3.85371257
5.92000000 2.85643923 3.85347141
5.93000000 2.85620294 3.85323020
5.94000000 2.85596653 3.85298895
5.95000000 2.85573002 3.85274765
5.96000000 2.85549340 3.85250632
5.97000000 2.85525668 3.85226494
5.98000000 2.85501986 3.85202352
5.99000000 2.85478293 3.85178207
6.00000000 2.85454591 3.85154057
6.01000000 2.85430879 3.85129904
6.02000000 2.85407157 3.85105746
6.03000000 2.85383426 3.85081585
6.04000000 2.85359685 3.85057421
6.05000000 2.85335936 3.85033253
6.06000000 2.85312177 3.85009082
6.07000000 2.85288410 3.84984907
6.08000000 2.85264634 3.84960729
6.09000000 2.85240850 3.84936548
6.10000000 2.85217057 3.84912364
6.11000000 2.85193255 3.84888176
6.12000000 2.85169446 3.84863986
6.13000000 2.85145629 3.84839793
6.14000000 2.85121804 3.84815596
6.15000000 2.85097971 3.84791397
6.16000000 2.85074130 3.84767196
6.17000000 2.85050282 3.84742991
6.18000000 2.85026427 3.84718784
6.19000000 2.85002565 3.84694575
6.20000000 2.84978695 3.84670363
6.21000000 2.84954818 3.84646148
6.22000000 2.84930935 3.84621931
6.23000000 2.84907045 3.84597712
6.24000000 2.84883148 3.84573491
6.25000000 2.84859245 3.84549267
6.26000000 2.84835335 3.84525042
6.27000000 2.84811420 3.84500814
6.28000000 2.84787498 3.84476584
6.29000000 2.84763569 3.84452352
6.30000000 2.84739635 3.84428119
6.31000000 2.84715696 3.84403883
6.32000000 2.84691750 3.84379646
6.33000000 2.84667799 3.84355407
6.34000000 2.84643842 3.84331166
6.35000000 2.84619880 3.84306924
6.36000000 2.84595913 3.84282680
6.37000000 2.84571940 3.84258434
6.38000000 2.84547962 3.84234187
6.39000000 2.84523979 3.84209939
6.40000000 2.84499992 3.84185689
6.41000000 2.84475999 3.84161437
6.42000000 2.84452002 3.84137185
6.43000000 2.84428000 3.84112931
6.44000000 2.84403993 3.84088676
6.45000000 2.84379982 3.84064419
6.46000000 2.84355967 3.84040162
6.47000000 2.84331947 3.84015904
6.48000000 2.84307923 3.83991644
6.49000000 2.84283895 3.83967383
6.50000000 2.84259863 3.83943122
6.51000000 2.84235827 3.83918859
6.52000000 2.84211787 3.83894596
6.53000000 2.84187743 3.83870332
6.54000000 2.84163696 3.83846067
6.55000000 2.84139645 3.83821801
6.56000000 2.84115590 3.83797534
6.57000000 2.84091531 3.83773267
6.58000000 2.84067470 3.83748999
6.59000000 2.84043405 3.83724731
6.60000000 2.84019336 3.83700462
6.61000000 2.83995265 3.83676192
6.62000000 2.83971190 3.83651922
6.63000000 2.83947112 3.83627651
6.64000000 2.83923032 3.83603380
6.65000000 2.83898948 3.83579109
6.66000000 2.83874861 3.83554837
6.67000000 2.83850772 3.83530565
6.68000000 2.83826680 3.83506292
6.69000000 2.83802585 3.83482019
6.70000000 2.83778488 3.83457746
6.71000000 2.83754388 3.83433473
6.72000000 2.83730285 3.83409200
6.73000000 2.83706180 3.83384926
6.74000000 2.83682073 3.83360652
6.75000000 2.83657964 3.83336378
6.76000000 2.83633852 3.83312104
6.77000000 2.83609738 3.83287831
6.78000000 2.83585622 3.83263557
6.79000000 2.83561504 3.83239283
6.80000000 2.83537383 3.83215009
6.81000000 2.83513261 3.83190735
6.82000000 2.83489137 3.83166461
6.83000000 2.83465011 3.83142187
6.84000000 2.83440883 3.83117914
6.85000000 2.83416754 3.83093641
6.86000000 2.83392623 3.83069368
6.87000000 2.83368490 3.83045095
6.88000000 2.83344355 3.83020822
6.89000000 2.83320219 3.82996550
6.90000000 2.83296082 3.82972278
6.91000000 2.83271943 3.82948006
6.92000000 2.83247802 3.82923735
6.93000000 2.83223660 3.82899464
6.94000000 2.83199517 3.82875193
6.95000000 2.83175373 3.82850923
6.96000000 2.83151227 3.82826653
6.97000000 2.83127081 3.82802384
6.98000000 2.83102933 3.82778115
6.99000000 2.83078784 3.82753847
7.00000000 2.83054633 3.82729579
7.01000000 2.83030482 3.82705312
7.02000000 2.83006330 3.82681045
7.03000000 2.82982177 3.82656779
7.04000000 2.82958023 3.82632513
7.05000000 2.82933868 3.82608249
7.06000000 2.82909713 3.82583984
7.07000000 2.82885556 3.82559721
7.08000000 2.82861399 3.82535458
7.09000000 2.82837242 3.82511196
7.10000000 2.82813083 3.82486934
7.11000000 2.82788924 3.82462674
7.12000000 2.82764764 3.82438414
7.13000000 2.82740604 3.82414155
7.14000000 2.82716443 3.82389896
7.15000000 2.82692282 3.82365639
7.16000000 2.82668120 3.82341382
7.17000000 2.82643958 3.82317126
7.18000000 2.82619796 3.82292871
7.19000000 2.82595633 3.82268617
7.20000000 2.82571470 3.82244363
7.21000000 2.82547306 3.82220111
7.22000000 2.82523142 3.82195859
7.23000000 2.82498978 3.82171609
7.24000000 2.82474814 3.82147359
7.25000000 2.82450650 3.82123111
7.26000000 2.82426485 3.82098863
7.27000000 2.82402321 3.82074617
7.28000000 2.82378156 3.82050371
7.29000000 2.82353992 3.82026126
7.30000000 2.82329827 3.82001883
7.31000000 2.82305662 3.81977640
7.32000000 2.82281498 3.81953399
7.33000000 2.82257333 3.81929159
7.34000000 2.82233168 3.81904919
7.35000000 2.82209004 3.81880681
7.36000000 2.82184840 3.81856444
7.37000000 2.82160676 3.81832208
7.38000000 2.82136512 3.81807974
7.39000000 2.82112348 3.81783740
7.40000000 2.82088185 3.81759508
7.41000000 2.82064022 3.81735276
7.42000000 2.82039859 3.81711046
7.43000000 2.82015696 3.81686818
7.44000000 2.81991534 3.81662590
7.45000000 2.81967372 3.81638364
7.46000000 2.81943211 3.81614138
7.47000000 2.81919050 3.81589915
7.48000000 2.81894889 3.81565692
7.49000000 2.81870729 3.81541471
7.50000000 2.81846569 3.81517251
7.51000000 2.81822410 3.81493032
7.52000000 2.81798251 3.81468814
7.53000000 2.81774093 3.81444598
7.54000000 2.81749936 3.81420383
7.55000000 2.81725779 3.81396170
7.56000000 2.81701622 3.81371958
7.57000000 2.81677466 3.81347747
7.58000000 2.81653311 3.81323538
7.59000000 2.81629157 3.81299330
7.60000000 2.81605003 3.81275123
7.61000000 2.81580850 3.81250918
7.62000000 2.81556697 3.81226714
7.63000000 2.81532546 3.81202511
7.64000000 2.81508395 3.81178310
7.65000000 2.81484244 3.81154111
7.66000000 2.81460095 3.81129913
7.67000000 2.81435946 3.81105716
7.68000000 2.81411799 3.81081521
7.69000000 2.81387652 3.81057327
7.70000000 2.81363506 3.81033135
7.71000000 2.81339360 3.81008944
7.72000000 2.81315216 3.80984755
7.73000000 2.81291073 3.80960567
7.74000000 2.81266930 3.80936380
7.75000000 2.81242789 3.80912196
7.76000000 2.81218648 3.80888012
7.77000000 2.81194508 3.80863830
7.78000000 2.81170369 3.80839650
7.79000000 2.81146232 3.80815471
7.80000000 2.81122095 3.80791294
7.81000000 2.81097959 3.80767119
7.82000000 2.81073825 3.80742945
7.83000000 2.81049691 3.80718772
7.84000000 2.81025558 3.80694601
7.85000000 2.81001427 3.80670432
7.86000000 2.80977297 3.80646264
7.87000000 2.80953167 3.80622098
7.88000000 2.80929039 3.80597934
7.89000000 2.80904912 3.80573771
7.90000000 2.80880786 3.80549609
7.91000000 2.80856661 3.80525450
7.92000000 2.80832538 3.80501292
7.93000000 2.80808415 3.80477135
7.94000000 2.80784294 3.80452980
7.95000000 2.80760174 3.80428827
7.96000000 2.80736055 3.80404676
7.97000000 2.80711937 3.80380526
7.98000000 2.80687821 3.80356378
7.99000000 2.80663706 3.80332231
8.00000000 2.80639592 3.80308086
8.01000000 2.80615479 3.80283943
8.02000000 2.80591368 3.80259802
8.03000000 2.80567258 3.80235662
8.04000000 2.80543149 3.80211524
8.05000000 2.80519042 3.80187387
8.06000000 2.80494936 3.80163252
8.07000000 2.80470831 3.80139119
8.08000000 2.80446727 3.80114988
8.09000000 2.80422625 3.80090859
8.10000000 2.80398524 3.80066731
8.11000000 2.80374425 3.80042605
8.12000000 2.80350327 3.80018480
8.13000000 2.80326230 3.79994358
8.14000000 2.80302135 3.79970237
8.15000000 2.80278041 3.79946117
8.16000000 2.80253949 3.79922000
8.17000000 2.80229858 3.79897884
8.18000000 2.80205768 3.79873770
8.19000000 2.80181680 3.79849658
8.20000000 2.80157593 3.79825548
8.21000000 2.80133508 3.79801439
8.22000000 2.80109424 3.79777332
8.23000000 2.80085342 3.79753227
8.24000000 2.80061261 3.79729124
8.25000000 2.80037182 3.79705022
8.26000000 2.80013104 3.79680923
8.27000000 2.79989028 3.79656825
8.28000000 2.79964953 3.79632729
8.29000000 2.79940880 3.79608634
8.30000000 2.79916808 3.79584542
8.31000000 2.79892738 3.79560451
8.32000000 2.79868669 3.79536362
8.33000000 2.79844602 3.79512275
8.34000000 2.79820536 3.79488190
8.35000000 2.79796472 3.79464106
8.36000000 2.79772409 3.79440025
8.37000000 2.79748349 3.79415945
8.38000000 2.79724289 3.79391867
8.39000000 2.79700231 3.79367791
8.40000000 2.79676175 3.79343716
8.41000000 2.79652121 3.79319644
8.42000000 2.79628068 3.79295573
8.43000000 2.79604016 3.79271505
8.44000000 2.79579967 3.79247438
8.45000000 2.79555919 3.79223373
8.46000000 2.79531872 3.79199309
8.47000000 2.79507827 3.79175248
8.48000000 2.79483784 3.79151188
8.49000000 2.79459742 3.79127131
8.50000000 2.79435703 3.79103075
8.51000000 2.79411664 3.79079021
8.52000000 2.79387628 3.79054969
8.53000000 2.79363593 3.79030919
8.54000000 2.79339560 3.79006871
8.55000000 2.79315528 3.78982824
8.56000000 2.79291498 3.78958780
8.57000000 2.79267470 3.78934737
8.58000000 2.79243443 3.78910696
8.59000000 2.79219419 3.78886657
8.60000000 2.79195396 3.78862620
8.61000000 2.79171374 3.78838585
8.62000000 2.79147354 3.78814552
8.63000000 2.79123336 3.78790521
8.64000000 2.79099320 3.78766491
8.65000000 2.79075306 3.78742464
8.66000000 2.79051293 3.78718438
8.67000000 2.79027282 3.78694414
8.68000000 2.79003273 3.78670393
8.69000000 2.78979265 3.78646373
8.70000000 2.78955259 3.78622355
8.71000000 2.78931255 3.78598339
8.72000000 2.78907253 3.78574325
8.73000000 2.78883252 3.78550312
8.74000000 2.78859253 3.78526302
8.75000000 2.78835256 3.78502294
8.76000000 2.78811261 3.78478287
8.77000000 2.78787268 3.78454283
8.78000000 2.78763276 3.78430280
8.79000000 2.78739286 3.78406279
8.80000000 2.78715298 3.78382281
8.81000000 2.78691312 3.78358284
8.82000000 2.78667327 3.78334289
8.83000000 2.78643344 3.78310296
8.84000000 2.78619364 3.78286305
8.85000000 2.78595384 3.78262316
8.86000000 2.78571407 3.78238329
8.87000000 2.78547432 3.78214343
8.88000000 2.78523458 3.78190360
8.89000000 2.78499486 3.78166379
8.90000000 2.78475516 3.78142399
8.91000000 2.78451548 3.78118422
8.92000000 2.78427581 3.78094447
8.93000000 2.78403617 3.78070473
8.94000000 2.78379654 3.78046502
8.95000000 2.78355693 3.78022532
8.96000000 2.78331734 3.77998564
8.97000000 2.78307777 3.77974599
8.98000000 2.78283821 3.77950635
8.99000000 2.78259868 3.77926673
9.00000000 2.78235916 3.77902713
9.01000000 2.78211966 3.77878755
9.02000000 2.78188018 3.77854799
9.03000000 2.78164072 3.77830846
9.04000000 2.78140128 3.77806894
9.05000000 2.78116186 3.77782944
9.06000000 2.78092245 3.77758996
9.07000000 2.78068307 3.77735049
9.08000000 2.78044370 3.77711105
9.09000000 2.78020435 3.77687163
9.10000000 2.77996502 3.77663223
9.11000000 2.77972571 3.77639285
9.12000000 2.77948641 3.77615349
9.13000000 2.77924714 3.77591414
9.14000000 2.77900789 3.77567482
9.15000000 2.77876865 3.77543552
9.16000000 2.77852943 3.77519624
9.17000000 2.77829023 3.77495697
9.18000000 2.77805105 3.77471773
9.19000000 2.77781189 3.77447851
9.20000000 2.77757275 3.77423930
9.21000000 2.77733363 3.77400012
9.22000000 2.77709453 3.77376095
9.23000000 2.77685544 3.77352181
9.24000000 2.77661638 3.77328269
9.25000000 2.77637733 3.77304358
9.26000000 2.77613830 3.77280450
9.27000000 2.77589930 3.77256543
9.28000000 2.77566031 3.77232639
9.29000000 2.77542134 3.77208736
9.30000000 2.77518239 3.77184836
9.31000000 2.77494346 3.77160937
9.32000000 2.77470454 3.77137041
9.33000000 2.77446565 3.77113146
9.34000000 2.77422678 3.77089254
9.35000000 2.77398792 3.77065363
9.36000000 2.77374909 3.77041474
9.37000000 2.77351027 3.77017588
9.38000000 2.77327148 3.76993703
9.39000000 2.77303270 3.76969821
9.40000000 2.77279394 3.76945940
9.41000000 2.77255520 3.76922062
9.42000000 2.77231648 3.76898185
9.43000000 2.77207778 3.76874311
9.44000000 2.77183910 3.76850438
9.45000000 2.77160044 3.76826567
9.46000000 2.77136180 3.76802699
9.47000000 2.77112318 3.76778832
9.48000000 2.77088458 3.76754968
9.49000000 2.77064599 3.76731105
9.50000000 2.77040743 3.76707245
9.51000000 2.77016888 3.76683386
9.52000000 2.76993036 3.76659530
9.53000000 2.76969186 3.76635675
9.54000000 2.76945337 3.76611823
9.55000000 2.76921490 3.76587972
9.56000000 2.76897646 3.76564124
9.57000000 2.76873803 3.76540277
9.58000000 2.76849962 3.76516433
9.59000000 2.76826124 3.76492590
9.60000000 2.76802287 3.76468750
9.61000000 2.76778452 3.76444911
9.62000000 2.76754619 3.76421075
9.63000000 2.76730788 3.76397240
9.64000000 2.76706959 3.76373408
9.65000000 2.76683132 3.76349578
9.66000000 2.76659307 3.76325749
9.67000000 2.76635484 3.76301923
9.68000000 2.76611663 3.76278098
9.69000000 2.76587844 3.76254276
9.70000000 2.76564027 3.76230456
9.71000000 2.76540212 3.76206637
9.72000000 2.76516398 3.76182821
9.73000000 2.76492587 3.76159007
9.74000000 2.76468778 3.76135194
9.75000000 2.76444971 3.76111384
9.76000000 2.76421165 3.76087576
9.77000000 2.76397362 3.76063770
9.78000000 2.76373561 3.76039966
9.79000000 2.76349761 3.76016163
9.80000000 2.76325964 3.75992363
9.81000000 2.76302168 3.75968565
9.82000000 2.76278375 3.75944769
9.83000000 2.76254584 3.75920975
9.84000000 2.76230794 3.75897183
9.85000000 2.76207007 3.75873392
9.86000000 2.76183221 3.75849604
9.87000000 2.76159438 3.75825818
9.88000000 2.76135656 3.75802034
9.89000000 2.76111877 3.75778252
9.90000000 2.76088099 3.75754472
9.91000000 2.76064324 3.75730694
9.92000000 2.76040550 3.75706918
9.93000000 2.76016778 3.75683145
9.94000000 2.75993009 3.75659373
9.95000000 2.75969241 3.75635603
9.96000000 2.75945476 3.75611835
9.97000000 2.75921712 3.75588069
9.98000000 2.75897951 3.75564305
9.99000000 2.75874191 3.75540543
10.00000000 2.75850433 3.75516784
