0.00000000 1.00000000 3.00000000
0.01000000 998.00000000 1107.00000000
0.02000000 454523.99999999 465226.00000001
0.03000000 184444214.00000800 185503623.00000700
0.04000000 72922944996.00250000 73027826398.00340000
0.05000000 28647254939438.60000000 28657638198148.20000000
0.06000000 11235808525863400.00000000 11236836468476000.00000000
0.07000000 4405039316509320000.00000000 4405141082828190000.00000000
0.08000000 1726835047134490000000.00000000 1726845122000120000000.00000000
0.09000000 676925242347989000000000.00000000 676926239759670000000000.00000000
0.10000000 265355279483647000000000000.00000000 265355378227403000000000000.00000000
0.11000000 104019327421431000000000000000.00000000 104019337197059000000000000000.00000000
0.12000000 40775582077718500000000000000000.00000000 40775583045506000000000000000000.00000000
0.13000000 15984028741589300000000000000000000.00000000 15984028837400100000000000000000000.00000000
0.14000000 6265739322848280000000000000000000000.00000000 6265739332333550000000000000000000000.00000000
0.15000000 2456169820114930000000000000000000000000.00000000 2456169821053830000000000000000000000000.00000000
0.16000000 962818570035243000000000000000000000000000.00000000 962818570128198000000000000000000000000000.00000000
0.17000000 377424879508289000000000000000000000000000000.00000000 377424879517487000000000000000000000000000000.00000000
0.18000000 147950552772642000000000000000000000000000000000.00000000 147950552773551000000000000000000000000000000000.00000000
0.19000000 57996616687407300000000000000000000000000000000000.00000000 57996616687496700000000000000000000000000000000000.00000000
0.20000000 22734673741516500000000000000000000000000000000000000.00000000 22734673741525200000000000000000000000000000000000000.00000000
0.21000000 8911992106679450000000000000000000000000000000000000000.00000000 8911992106680610000000000000000000000000000000000000000.00000000
0.22000000 3493500905818980000000000000000000000000000000000000000000.00000000 3493500905818990000000000000000000000000000000000000000000.00000000
0.23000000 1369452355081010000000000000000000000000000000000000000000000.00000000 1369452355081010000000000000000000000000000000000000000000000.00000000
0.24000000 536825323191760000000000000000000000000000000000000000000000000.00000000 536825323191760000000000000000000000000000000000000000000000000.00000000
0.25000000 210435526691167000000000000000000000000000000000000000000000000000.00000000 210435526691167000000000000000000000000000000000000000000000000000.00000000
0.26000000 82490726462934800000000000000000000000000000000000000000000000000000.00000000 82490726462934800000000000000000000000000000000000000000000000000000.00000000
0.27000000 32336364773470800000000000000000000000000000000000000000000000000000000.00000000 32336364773470800000000000000000000000000000000000000000000000000000000.00000000
0.28000000 12675854991200400000000000000000000000000000000000000000000000000000000000.00000000 12675854991200400000000000000000000000000000000000000000000000000000000000.00000000
0.29000000 4968935156550500000000000000000000000000000000000000000000000000000000000000.00000000 4968935156550500000000000000000000000000000000000000000000000000000000000000.00000000
0.30000000 1947822581367730000000000000000000000000000000000000000000000000000000000000000.00000000 1947822581367730000000000000000000000000000000000000000000000000000000000000000.00000000
0.31000000 763546451896179000000000000000000000000000000000000000000000000000000000000000000.00000000 763546451896179000000000000000000000000000000000000000000000000000000000000000000.00000000
0.32000000 299310209143300000000000000000000000000000000000000000000000000000000000000000000000.00000000 299310209143300000000000000000000000000000000000000000000000000000000000000000000000.00000000
0.33000000 117329601984172000000000000000000000000000000000000000000000000000000000000000000000000.00000000 117329601984172000000000000000000000000000000000000000000000000000000000000000000000000.00000000
0.34000000 45993203977795400000000000000000000000000000000000000000000000000000000000000000000000000.00000000 45993203977795400000000000000000000000000000000000000000000000000000000000000000000000000.00000000
0.35000000 18029335959296000000000000000000000000000000000000000000000000000000000000000000000000000000.00000000 18029335959296000000000000000000000000000000000000000000000000000000000000000000000000000000.00000000
0.36000000 7067499696043750000000000000000000000000000000000000000000000000000000000000000000000000000000.00000000 7067499696043750000000000000000000000000000000000000000000000000000000000000000000000000000000.00000000
0.37000000 2770459880849100000000000000000000000000000000000000000000000000000000000000000000000000000000000.00000000 2770459880849100000000000000000000000000000000000000000000000000000000000000000000000000000000000.00000000
0.38000000 1086020273292870000000000000000000000000000000000000000000000000000000000000000000000000000000000000.00000000 1086020273292870000000000000000000000000000000000000000000000000000000000000000000000000000000000000.00000000
0.39000000 425719947130794000000000000000000000000000000000000000000000000000000000000000000000000000000000000000.00000000 425719947130794000000000000000000000000000000000000000000000000000000000000000000000000000000000000000.00000000
0.40000000 166882219275270000000000000000000000000000000000000000000000000000000000000000000000000000000000000000000.00000000 166882219275270000000000000000000000000000000000000000000000000000000000000000000000000000000000000000000.00000000
0.41000000 65417829955905000000000000000000000000000000000000000000000000000000000000000000000000000000000000000000000.00000000 65417829955905000000000000000000000000000000000000000000000000000000000000000000000000000000000000000000000.00000000
0.42000000 25643789342714700000000000000000000000000000000000000000000000000000000000000000000000000000000000000000000000.00000000 25643789342714700000000000000000000000000000000000000000000000000000000000000000000000000000000000000000000000.00000000
0.43000000 10052365422344200000000000000000000000000000000000000000000000000000000000000000000000000000000000000000000000000.00000000 10052365422344200000000000000000000000000000000000000000000000000000000000000000000000000000000000000000000000000.00000000
0.44000000 3940527245558930000000000000000000000000000000000000000000000000000000000000000000000000000000000000000000000000000.00000000 3940527245558930000000000000000000000000000000000000000000000000000000000000000000000000000000000000000000000000000.00000000
0.45000000 1544686680259090000000000000000000000000000000000000000000000000000000000000000000000000000000000000000000000000000000.00000000 1544686680259090000000000000000000000000000000000000000000000000000000000000000000000000000000000000000000000000000000.00000000
0.46000000 605517178661570000000000000000000000000000000000000000000000000000000000000000000000000000000000000000000000000000000000.00000000 605517178661570000000000000000000000000000000000000000000000000000000000000000000000000000000000000000000000000000000000.00000000
0.47000000 237362734035341000000000000000000000000000000000000000000000000000000000000000000000000000000000000000000000000000000000000.00000000 237362734035341000000000000000000000000000000000000000000000000000000000000000000000000000000000000000000000000000000000000.00000000
0.48000000 93046191741852900000000000000000000000000000000000000000000000000000000000000000000000000000000000000000000000000000000000000.00000000 93046191741852900000000000000000000000000000000000000000000000000000000000000000000000000000000000000000000000000000000000000.00000000
0.49000000 36474107162806200000000000000000000000000000000000000000000000000000000000000000000000000000000000000000000000000000000000000000.00000000 36474107162806200000000000000000000000000000000000000000000000000000000000000000000000000000000000000000000000000000000000000000.00000000
0.50000000 14297850007820200000000000000000000000000000000000000000000000000000000000000000000000000000000000000000000000000000000000000000000.00000000 14297850007820200000000000000000000000000000000000000000000000000000000000000000000000000000000000000000000000000000000000000000000.00000000
0.51000000 5604757203065430000000000000000000000000000000000000000000000000000000000000000000000000000000000000000000000000000000000000000000000.00000000 5604757203065430000000000000000000000000000000000000000000000000000000000000000000000000000000000000000000000000000000000000000000000.00000000
0.52000000 2197064823601670000000000000000000000000000000000000000000000000000000000000000000000000000000000000000000000000000000000000000000000000.00000000 2197064823601670000000000000000000000000000000000000000000000000000000000000000000000000000000000000000000000000000000000000000000000000.00000000
0.53000000 861249410851859000000000000000000000000000000000000000000000000000000000000000000000000000000000000000000000000000000000000000000000000000.00000000 861249410851859000000000000000000000000000000000000000000000000000000000000000000000000000000000000000000000000000000000000000000000000000.00000000
0.54000000 337609769053927000000000000000000000000000000000000000000000000000000000000000000000000000000000000000000000000000000000000000000000000000000.00000000 337609769053927000000000000000000000000000000000000000000000000000000000000000000000000000000000000000000000000000000000000000000000000000000.00000000
0.55000000 132343029469138000000000000000000000000000000000000000000000000000000000000000000000000000000000000000000000000000000000000000000000000000000000.00000000 132343029469138000000000000000000000000000000000000000000000000000000000000000000000000000000000000000000000000000000000000000000000000000000000.00000000
0.56000000 51878467551902400000000000000000000000000000000000000000000000000000000000000000000000000000000000000000000000000000000000000000000000000000000000.00000000 51878467551902400000000000000000000000000000000000000000000000000000000000000000000000000000000000000000000000000000000000000000000000000000000000.00000000
0.57000000 20336359280345500000000000000000000000000000000000000000000000000000000000000000000000000000000000000000000000000000000000000000000000000000000000000.00000000 20336359280345500000000000000000000000000000000000000000000000000000000000000000000000000000000000000000000000000000000000000000000000000000000000000.00000000
0.58000000 7971852837895360000000000000000000000000000000000000000000000000000000000000000000000000000000000000000000000000000000000000000000000000000000000000000.00000000 7971852837895360000000000000000000000000000000000000000000000000000000000000000000000000000000000000000000000000000000000000000000000000000000000000000.00000000
0.59000000 3124966312454950000000000000000000000000000000000000000000000000000000000000000000000000000000000000000000000000000000000000000000000000000000000000000000.00000000 3124966312454950000000000000000000000000000000000000000000000000000000000000000000000000000000000000000000000000000000000000000000000000000000000000000000.00000000
0.60000000 1224986794482330000000000000000000000000000000000000000000000000000000000000000000000000000000000000000000000000000000000000000000000000000000000000000000000.00000000 1224986794482330000000000000000000000000000000000000000000000000000000000000000000000000000000000000000000000000000000000000000000000000000000000000000000000.00000000
0.61000000 480194823437091000000000000000000000000000000000000000000000000000000000000000000000000000000000000000000000000000000000000000000000000000000000000000000000000.00000000 480194823437091000000000000000000000000000000000000000000000000000000000000000000000000000000000000000000000000000000000000000000000000000000000000000000000000.00000000
0.62000000 188236370787338000000000000000000000000000000000000000000000000000000000000000000000000000000000000000000000000000000000000000000000000000000000000000000000000000.00000000 188236370787338000000000000000000000000000000000000000000000000000000000000000000000000000000000000000000000000000000000000000000000000000000000000000000000000000.00000000
0.63000000 73788657348637200000000000000000000000000000000000000000000000000000000000000000000000000000000000000000000000000000000000000000000000000000000000000000000000000000.00000000 73788657348637200000000000000000000000000000000000000000000000000000000000000000000000000000000000000000000000000000000000000000000000000000000000000000000000000000.00000000
0.64000000 28925153680665600000000000000000000000000000000000000000000000000000000000000000000000000000000000000000000000000000000000000000000000000000000000000000000000000000000.00000000 28925153680665600000000000000000000000000000000000000000000000000000000000000000000000000000000000000000000000000000000000000000000000000000000000000000000000000000000.00000000
0.65000000 11338660242820900000000000000000000000000000000000000000000000000000000000000000000000000000000000000000000000000000000000000000000000000000000000000000000000000000000000.00000000 11338660242820900000000000000000000000000000000000000000000000000000000000000000000000000000000000000000000000000000000000000000000000000000000000000000000000000000000000.00000000
0.66000000 4444754815185770000000000000000000000000000000000000000000000000000000000000000000000000000000000000000000000000000000000000000000000000000000000000000000000000000000000000.00000000 4444754815185770000000000000000000000000000000000000000000000000000000000000000000000000000000000000000000000000000000000000000000000000000000000000000000000000000000000000.00000000
0.67000000 1742343887552840000000000000000000000000000000000000000000000000000000000000000000000000000000000000000000000000000000000000000000000000000000000000000000000000000000000000000.00000000 1742343887552840000000000000000000000000000000000000000000000000000000000000000000000000000000000000000000000000000000000000000000000000000000000000000000000000000000000000000.00000000
0.68000000 682998803920706000000000000000000000000000000000000000000000000000000000000000000000000000000000000000000000000000000000000000000000000000000000000000000000000000000000000000000.00000000 682998803920706000000000000000000000000000000000000000000000000000000000000000000000000000000000000000000000000000000000000000000000000000000000000000000000000000000000000000000.00000000
0.69000000 267735531136913000000000000000000000000000000000000000000000000000000000000000000000000000000000000000000000000000000000000000000000000000000000000000000000000000000000000000000000.00000000 267735531136913000000000000000000000000000000000000000000000000000000000000000000000000000000000000000000000000000000000000000000000000000000000000000000000000000000000000000000000.00000000
0.70000000 104952328205674000000000000000000000000000000000000000000000000000000000000000000000000000000000000000000000000000000000000000000000000000000000000000000000000000000000000000000000000.00000000 104952328205674000000000000000000000000000000000000000000000000000000000000000000000000000000000000000000000000000000000000000000000000000000000000000000000000000000000000000000000000.00000000
0.71000000 41141312656624100000000000000000000000000000000000000000000000000000000000000000000000000000000000000000000000000000000000000000000000000000000000000000000000000000000000000000000000000.00000000 41141312656624100000000000000000000000000000000000000000000000000000000000000000000000000000000000000000000000000000000000000000000000000000000000000000000000000000000000000000000000000.00000000
0.72000000 16127394561397000000000000000000000000000000000000000000000000000000000000000000000000000000000000000000000000000000000000000000000000000000000000000000000000000000000000000000000000000000.00000000 16127394561397000000000000000000000000000000000000000000000000000000000000000000000000000000000000000000000000000000000000000000000000000000000000000000000000000000000000000000000000000000.00000000
0.73000000 6321938668067500000000000000000000000000000000000000000000000000000000000000000000000000000000000000000000000000000000000000000000000000000000000000000000000000000000000000000000000000000000.00000000 6321938668067500000000000000000000000000000000000000000000000000000000000000000000000000000000000000000000000000000000000000000000000000000000000000000000000000000000000000000000000000000000.00000000
0.74000000 2478199957882480000000000000000000000000000000000000000000000000000000000000000000000000000000000000000000000000000000000000000000000000000000000000000000000000000000000000000000000000000000000.00000000 2478199957882480000000000000000000000000000000000000000000000000000000000000000000000000000000000000000000000000000000000000000000000000000000000000000000000000000000000000000000000000000000000.00000000
0.75000000 971454383489939000000000000000000000000000000000000000000000000000000000000000000000000000000000000000000000000000000000000000000000000000000000000000000000000000000000000000000000000000000000000.00000000 971454383489939000000000000000000000000000000000000000000000000000000000000000000000000000000000000000000000000000000000000000000000000000000000000000000000000000000000000000000000000000000000000.00000000
0.76000000 380810118328064000000000000000000000000000000000000000000000000000000000000000000000000000000000000000000000000000000000000000000000000000000000000000000000000000000000000000000000000000000000000000.00000000 380810118328064000000000000000000000000000000000000000000000000000000000000000000000000000000000000000000000000000000000000000000000000000000000000000000000000000000000000000000000000000000000000000.00000000
0.77000000 149277566384601000000000000000000000000000000000000000000000000000000000000000000000000000000000000000000000000000000000000000000000000000000000000000000000000000000000000000000000000000000000000000000.00000000 149277566384601000000000000000000000000000000000000000000000000000000000000000000000000000000000000000000000000000000000000000000000000000000000000000000000000000000000000000000000000000000000000000000.00000000
0.78000000 58516806022764400000000000000000000000000000000000000000000000000000000000000000000000000000000000000000000000000000000000000000000000000000000000000000000000000000000000000000000000000000000000000000000.00000000 58516806022764400000000000000000000000000000000000000000000000000000000000000000000000000000000000000000000000000000000000000000000000000000000000000000000000000000000000000000000000000000000000000000000.00000000
0.79000000 22938587960924100000000000000000000000000000000000000000000000000000000000000000000000000000000000000000000000000000000000000000000000000000000000000000000000000000000000000000000000000000000000000000000000.00000000 22938587960924100000000000000000000000000000000000000000000000000000000000000000000000000000000000000000000000000000000000000000000000000000000000000000000000000000000000000000000000000000000000000000000000.00000000
0.80000000 8991926480682290000000000000000000000000000000000000000000000000000000000000000000000000000000000000000000000000000000000000000000000000000000000000000000000000000000000000000000000000000000000000000000000000.00000000 8991926480682290000000000000000000000000000000000000000000000000000000000000000000000000000000000000000000000000000000000000000000000000000000000000000000000000000000000000000000000000000000000000000000000000.00000000
0.81000000 3524835180427460000000000000000000000000000000000000000000000000000000000000000000000000000000000000000000000000000000000000000000000000000000000000000000000000000000000000000000000000000000000000000000000000000.00000000 3524835180427460000000000000000000000000000000000000000000000000000000000000000000000000000000000000000000000000000000000000000000000000000000000000000000000000000000000000000000000000000000000000000000000000000.00000000
0.82000000 1381735390727570000000000000000000000000000000000000000000000000000000000000000000000000000000000000000000000000000000000000000000000000000000000000000000000000000000000000000000000000000000000000000000000000000000.00000000 1381735390727570000000000000000000000000000000000000000000000000000000000000000000000000000000000000000000000000000000000000000000000000000000000000000000000000000000000000000000000000000000000000000000000000000000.00000000
0.83000000 541640273165191000000000000000000000000000000000000000000000000000000000000000000000000000000000000000000000000000000000000000000000000000000000000000000000000000000000000000000000000000000000000000000000000000000000.00000000 541640273165191000000000000000000000000000000000000000000000000000000000000000000000000000000000000000000000000000000000000000000000000000000000000000000000000000000000000000000000000000000000000000000000000000000000.00000000
0.84000000 212322987080753000000000000000000000000000000000000000000000000000000000000000000000000000000000000000000000000000000000000000000000000000000000000000000000000000000000000000000000000000000000000000000000000000000000000.00000000 212322987080753000000000000000000000000000000000000000000000000000000000000000000000000000000000000000000000000000000000000000000000000000000000000000000000000000000000000000000000000000000000000000000000000000000000000.00000000
0.85000000 83230610935654400000000000000000000000000000000000000000000000000000000000000000000000000000000000000000000000000000000000000000000000000000000000000000000000000000000000000000000000000000000000000000000000000000000000000.00000000 83230610935654400000000000000000000000000000000000000000000000000000000000000000000000000000000000000000000000000000000000000000000000000000000000000000000000000000000000000000000000000000000000000000000000000000000000000.00000000
0.86000000 32626399486776700000000000000000000000000000000000000000000000000000000000000000000000000000000000000000000000000000000000000000000000000000000000000000000000000000000000000000000000000000000000000000000000000000000000000000.00000000 32626399486776700000000000000000000000000000000000000000000000000000000000000000000000000000000000000000000000000000000000000000000000000000000000000000000000000000000000000000000000000000000000000000000000000000000000000000.00000000
0.87000000 12789548598816500000000000000000000000000000000000000000000000000000000000000000000000000000000000000000000000000000000000000000000000000000000000000000000000000000000000000000000000000000000000000000000000000000000000000000000.00000000 12789548598816500000000000000000000000000000000000000000000000000000000000000000000000000000000000000000000000000000000000000000000000000000000000000000000000000000000000000000000000000000000000000000000000000000000000000000000.00000000
0.88000000 5013503050736110000000000000000000000000000000000000000000000000000000000000000000000000000000000000000000000000000000000000000000000000000000000000000000000000000000000000000000000000000000000000000000000000000000000000000000000.00000000 5013503050736110000000000000000000000000000000000000000000000000000000000000000000000000000000000000000000000000000000000000000000000000000000000000000000000000000000000000000000000000000000000000000000000000000000000000000000000.00000000
0.89000000 1965293195888590000000000000000000000000000000000000000000000000000000000000000000000000000000000000000000000000000000000000000000000000000000000000000000000000000000000000000000000000000000000000000000000000000000000000000000000000.00000000 1965293195888590000000000000000000000000000000000000000000000000000000000000000000000000000000000000000000000000000000000000000000000000000000000000000000000000000000000000000000000000000000000000000000000000000000000000000000000000.00000000
0.90000000 770394932788327000000000000000000000000000000000000000000000000000000000000000000000000000000000000000000000000000000000000000000000000000000000000000000000000000000000000000000000000000000000000000000000000000000000000000000000000000.00000000 770394932788327000000000000000000000000000000000000000000000000000000000000000000000000000000000000000000000000000000000000000000000000000000000000000000000000000000000000000000000000000000000000000000000000000000000000000000000000000.00000000
0.91000000 301994813653031000000000000000000000000000000000000000000000000000000000000000000000000000000000000000000000000000000000000000000000000000000000000000000000000000000000000000000000000000000000000000000000000000000000000000000000000000000.00000000 301994813653031000000000000000000000000000000000000000000000000000000000000000000000000000000000000000000000000000000000000000000000000000000000000000000000000000000000000000000000000000000000000000000000000000000000000000000000000000000.00000000
0.92000000 118381966951987000000000000000000000000000000000000000000000000000000000000000000000000000000000000000000000000000000000000000000000000000000000000000000000000000000000000000000000000000000000000000000000000000000000000000000000000000000000.00000000 118381966951987000000000000000000000000000000000000000000000000000000000000000000000000000000000000000000000000000000000000000000000000000000000000000000000000000000000000000000000000000000000000000000000000000000000000000000000000000000000.00000000
0.93000000 46405731045178500000000000000000000000000000000000000000000000000000000000000000000000000000000000000000000000000000000000000000000000000000000000000000000000000000000000000000000000000000000000000000000000000000000000000000000000000000000000.00000000 46405731045178500000000000000000000000000000000000000000000000000000000000000000000000000000000000000000000000000000000000000000000000000000000000000000000000000000000000000000000000000000000000000000000000000000000000000000000000000000000000.00000000
0.94000000 18191046569710600000000000000000000000000000000000000000000000000000000000000000000000000000000000000000000000000000000000000000000000000000000000000000000000000000000000000000000000000000000000000000000000000000000000000000000000000000000000000.00000000 18191046569710600000000000000000000000000000000000000000000000000000000000000000000000000000000000000000000000000000000000000000000000000000000000000000000000000000000000000000000000000000000000000000000000000000000000000000000000000000000000000.00000000
0.95000000 7130890255326720000000000000000000000000000000000000000000000000000000000000000000000000000000000000000000000000000000000000000000000000000000000000000000000000000000000000000000000000000000000000000000000000000000000000000000000000000000000000000.00000000 7130890255326720000000000000000000000000000000000000000000000000000000000000000000000000000000000000000000000000000000000000000000000000000000000000000000000000000000000000000000000000000000000000000000000000000000000000000000000000000000000000000.00000000
0.96000000 2795308980088000000000000000000000000000000000000000000000000000000000000000000000000000000000000000000000000000000000000000000000000000000000000000000000000000000000000000000000000000000000000000000000000000000000000000000000000000000000000000000000.00000000 2795308980088000000000000000000000000000000000000000000000000000000000000000000000000000000000000000000000000000000000000000000000000000000000000000000000000000000000000000000000000000000000000000000000000000000000000000000000000000000000000000000000.00000000
0.97000000 1095761120194520000000000000000000000000000000000000000000000000000000000000000000000000000000000000000000000000000000000000000000000000000000000000000000000000000000000000000000000000000000000000000000000000000000000000000000000000000000000000000000000.00000000 1095761120194520000000000000000000000000000000000000000000000000000000000000000000000000000000000000000000000000000000000000000000000000000000000000000000000000000000000000000000000000000000000000000000000000000000000000000000000000000000000000000000000.00000000
0.98000000 429538359116248000000000000000000000000000000000000000000000000000000000000000000000000000000000000000000000000000000000000000000000000000000000000000000000000000000000000000000000000000000000000000000000000000000000000000000000000000000000000000000000000.00000000 429538359116248000000000000000000000000000000000000000000000000000000000000000000000000000000000000000000000000000000000000000000000000000000000000000000000000000000000000000000000000000000000000000000000000000000000000000000000000000000000000000000000000.00000000
0.99000000 168379036773565000000000000000000000000000000000000000000000000000000000000000000000000000000000000000000000000000000000000000000000000000000000000000000000000000000000000000000000000000000000000000000000000000000000000000000000000000000000000000000000000000.00000000 168379036773565000000000000000000000000000000000000000000000000000000000000000000000000000000000000000000000000000000000000000000000000000000000000000000000000000000000000000000000000000000000000000000000000000000000000000000000000000000000000000000000000000.00000000
1.00000000 66004582415239300000000000000000000000000000000000000000000000000000000000000000000000000000000000000000000000000000000000000000000000000000000000000000000000000000000000000000000000000000000000000000000000000000000000000000000000000000000000000000000000000000.00000000 66004582415239300000000000000000000000000000000000000000000000000000000000000000000000000000000000000000000000000000000000000000000000000000000000000000000000000000000000000000000000000000000000000000000000000000000000000000000000000000000000000000000000000000.00000000
1.01000000 25873796306774100000000000000000000000000000000000000000000000000000000000000000000000000000000000000000000000000000000000000000000000000000000000000000000000000000000000000000000000000000000000000000000000000000000000000000000000000000000000000000000000000000000.00000000 25873796306774100000000000000000000000000000000000000000000000000000000000000000000000000000000000000000000000000000000000000000000000000000000000000000000000000000000000000000000000000000000000000000000000000000000000000000000000000000000000000000000000000000000.00000000
1.02000000 10142528152255600000000000000000000000000000000000000000000000000000000000000000000000000000000000000000000000000000000000000000000000000000000000000000000000000000000000000000000000000000000000000000000000000000000000000000000000000000000000000000000000000000000000.00000000 10142528152255600000000000000000000000000000000000000000000000000000000000000000000000000000000000000000000000000000000000000000000000000000000000000000000000000000000000000000000000000000000000000000000000000000000000000000000000000000000000000000000000000000000000.00000000
1.03000000 3975871035684090000000000000000000000000000000000000000000000000000000000000000000000000000000000000000000000000000000000000000000000000000000000000000000000000000000000000000000000000000000000000000000000000000000000000000000000000000000000000000000000000000000000000.00000000 3975871035684090000000000000000000000000000000000000000000000000000000000000000000000000000000000000000000000000000000000000000000000000000000000000000000000000000000000000000000000000000000000000000000000000000000000000000000000000000000000000000000000000000000000000.00000000
1.04000000 1558541445988170000000000000000000000000000000000000000000000000000000000000000000000000000000000000000000000000000000000000000000000000000000000000000000000000000000000000000000000000000000000000000000000000000000000000000000000000000000000000000000000000000000000000000.00000000 1558541445988170000000000000000000000000000000000000000000000000000000000000000000000000000000000000000000000000000000000000000000000000000000000000000000000000000000000000000000000000000000000000000000000000000000000000000000000000000000000000000000000000000000000000000.00000000
1.05000000 610948246827367000000000000000000000000000000000000000000000000000000000000000000000000000000000000000000000000000000000000000000000000000000000000000000000000000000000000000000000000000000000000000000000000000000000000000000000000000000000000000000000000000000000000000000.00000000 610948246827367000000000000000000000000000000000000000000000000000000000000000000000000000000000000000000000000000000000000000000000000000000000000000000000000000000000000000000000000000000000000000000000000000000000000000000000000000000000000000000000000000000000000000000.00000000
1.06000000 239491712756322000000000000000000000000000000000000000000000000000000000000000000000000000000000000000000000000000000000000000000000000000000000000000000000000000000000000000000000000000000000000000000000000000000000000000000000000000000000000000000000000000000000000000000000.00000000 239491712756322000000000000000000000000000000000000000000000000000000000000000000000000000000000000000000000000000000000000000000000000000000000000000000000000000000000000000000000000000000000000000000000000000000000000000000000000000000000000000000000000000000000000000000000.00000000
1.07000000 93880751400476900000000000000000000000000000000000000000000000000000000000000000000000000000000000000000000000000000000000000000000000000000000000000000000000000000000000000000000000000000000000000000000000000000000000000000000000000000000000000000000000000000000000000000000000.00000000 93880751400476900000000000000000000000000000000000000000000000000000000000000000000000000000000000000000000000000000000000000000000000000000000000000000000000000000000000000000000000000000000000000000000000000000000000000000000000000000000000000000000000000000000000000000000000.00000000
1.08000000 36801254548987200000000000000000000000000000000000000000000000000000000000000000000000000000000000000000000000000000000000000000000000000000000000000000000000000000000000000000000000000000000000000000000000000000000000000000000000000000000000000000000000000000000000000000000000000.00000000 36801254548987200000000000000000000000000000000000000000000000000000000000000000000000000000000000000000000000000000000000000000000000000000000000000000000000000000000000000000000000000000000000000000000000000000000000000000000000000000000000000000000000000000000000000000000000000.00000000
1.09000000 14426091783202700000000000000000000000000000000000000000000000000000000000000000000000000000000000000000000000000000000000000000000000000000000000000000000000000000000000000000000000000000000000000000000000000000000000000000000000000000000000000000000000000000000000000000000000000000.00000000 14426091783202700000000000000000000000000000000000000000000000000000000000000000000000000000000000000000000000000000000000000000000000000000000000000000000000000000000000000000000000000000000000000000000000000000000000000000000000000000000000000000000000000000000000000000000000000000.00000000
1.10000000 5655027979015570000000000000000000000000000000000000000000000000000000000000000000000000000000000000000000000000000000000000000000000000000000000000000000000000000000000000000000000000000000000000000000000000000000000000000000000000000000000000000000000000000000000000000000000000000000.00000000 5655027979015570000000000000000000000000000000000000000000000000000000000000000000000000000000000000000000000000000000000000000000000000000000000000000000000000000000000000000000000000000000000000000000000000000000000000000000000000000000000000000000000000000000000000000000000000000000.00000000
1.11000000 2216770967774010000000000000000000000000000000000000000000000000000000000000000000000000000000000000000000000000000000000000000000000000000000000000000000000000000000000000000000000000000000000000000000000000000000000000000000000000000000000000000000000000000000000000000000000000000000000.00000000 2216770967774010000000000000000000000000000000000000000000000000000000000000000000000000000000000000000000000000000000000000000000000000000000000000000000000000000000000000000000000000000000000000000000000000000000000000000000000000000000000000000000000000000000000000000000000000000000000.00000000
1.12000000 868974219367404000000000000000000000000000000000000000000000000000000000000000000000000000000000000000000000000000000000000000000000000000000000000000000000000000000000000000000000000000000000000000000000000000000000000000000000000000000000000000000000000000000000000000000000000000000000000.00000000 868974219367404000000000000000000000000000000000000000000000000000000000000000000000000000000000000000000000000000000000000000000000000000000000000000000000000000000000000000000000000000000000000000000000000000000000000000000000000000000000000000000000000000000000000000000000000000000000000.00000000
1.13000000 340637893992017000000000000000000000000000000000000000000000000000000000000000000000000000000000000000000000000000000000000000000000000000000000000000000000000000000000000000000000000000000000000000000000000000000000000000000000000000000000000000000000000000000000000000000000000000000000000000.00000000 340637893992017000000000000000000000000000000000000000000000000000000000000000000000000000000000000000000000000000000000000000000000000000000000000000000000000000000000000000000000000000000000000000000000000000000000000000000000000000000000000000000000000000000000000000000000000000000000000000.00000000
1.14000000 133530054444871000000000000000000000000000000000000000000000000000000000000000000000000000000000000000000000000000000000000000000000000000000000000000000000000000000000000000000000000000000000000000000000000000000000000000000000000000000000000000000000000000000000000000000000000000000000000000000.00000000 133530054444871000000000000000000000000000000000000000000000000000000000000000000000000000000000000000000000000000000000000000000000000000000000000000000000000000000000000000000000000000000000000000000000000000000000000000000000000000000000000000000000000000000000000000000000000000000000000000000.00000000
1.15000000 52343781342388800000000000000000000000000000000000000000000000000000000000000000000000000000000000000000000000000000000000000000000000000000000000000000000000000000000000000000000000000000000000000000000000000000000000000000000000000000000000000000000000000000000000000000000000000000000000000000000.00000000 52343781342388800000000000000000000000000000000000000000000000000000000000000000000000000000000000000000000000000000000000000000000000000000000000000000000000000000000000000000000000000000000000000000000000000000000000000000000000000000000000000000000000000000000000000000000000000000000000000000000.00000000
1.16000000 20518762286216600000000000000000000000000000000000000000000000000000000000000000000000000000000000000000000000000000000000000000000000000000000000000000000000000000000000000000000000000000000000000000000000000000000000000000000000000000000000000000000000000000000000000000000000000000000000000000000000.00000000 20518762286216600000000000000000000000000000000000000000000000000000000000000000000000000000000000000000000000000000000000000000000000000000000000000000000000000000000000000000000000000000000000000000000000000000000000000000000000000000000000000000000000000000000000000000000000000000000000000000000000.00000000
1.17000000 8043354816196830000000000000000000000000000000000000000000000000000000000000000000000000000000000000000000000000000000000000000000000000000000000000000000000000000000000000000000000000000000000000000000000000000000000000000000000000000000000000000000000000000000000000000000000000000000000000000000000000.00000000 8043354816196830000000000000000000000000000000000000000000000000000000000000000000000000000000000000000000000000000000000000000000000000000000000000000000000000000000000000000000000000000000000000000000000000000000000000000000000000000000000000000000000000000000000000000000000000000000000000000000000000.00000000
1.18000000 3152995087949080000000000000000000000000000000000000000000000000000000000000000000000000000000000000000000000000000000000000000000000000000000000000000000000000000000000000000000000000000000000000000000000000000000000000000000000000000000000000000000000000000000000000000000000000000000000000000000000000000.00000000 3152995087949080000000000000000000000000000000000000000000000000000000000000000000000000000000000000000000000000000000000000000000000000000000000000000000000000000000000000000000000000000000000000000000000000000000000000000000000000000000000000000000000000000000000000000000000000000000000000000000000000000.00000000
1.19000000 Infinity Infinity
1.20000000 NaN NaN
1.21000000 NaN NaN
1.22000000 NaN NaN
1.23000000 NaN NaN
1.24000000 NaN NaN
1.25000000 NaN NaN
1.26000000 NaN NaN
1.27000000 NaN NaN
1.28000000 NaN NaN
1.29000000 NaN NaN
1.30000000 NaN NaN
1.31000000 NaN NaN
1.32000000 NaN NaN
1.33000000 NaN NaN
1.34000000 NaN NaN
1.35000000 NaN NaN
1.36000000 NaN NaN
1.37000000 NaN NaN
1.38000000 NaN NaN
1.39000000 NaN NaN
1.40000000 NaN NaN
1.41000000 NaN NaN
1.42000000 NaN NaN
1.43000000 NaN NaN
1.44000000 NaN NaN
1.45000000 NaN NaN
1.46000000 NaN NaN
1.47000000 NaN NaN
1.48000000 NaN NaN
1.49000000 NaN NaN
1.50000000 NaN NaN
1.51000000 NaN NaN
1.52000000 NaN NaN
1.53000000 NaN NaN
1.54000000 NaN NaN
1.55000000 NaN NaN
1.56000000 NaN NaN
1.57000000 NaN NaN
1.58000000 NaN NaN
1.59000000 NaN NaN
1.60000000 NaN NaN
1.61000000 NaN NaN
1.62000000 NaN NaN
1.63000000 NaN NaN
1.64000000 NaN NaN
1.65000000 NaN NaN
1.66000000 NaN NaN
1.67000000 NaN NaN
1.68000000 NaN NaN
1.69000000 NaN NaN
1.70000000 NaN NaN
1.71000000 NaN NaN
1.72000000 NaN NaN
1.73000000 NaN NaN
1.74000000 NaN NaN
1.75000000 NaN NaN
1.76000000 NaN NaN
1.77000000 NaN NaN
1.78000000 NaN NaN
1.79000000 NaN NaN
1.80000000 NaN NaN
1.81000000 NaN NaN
1.82000000 NaN NaN
1.83000000 NaN NaN
1.84000000 NaN NaN
1.85000000 NaN NaN
1.86000000 NaN NaN
1.87000000 NaN NaN
1.88000000 NaN NaN
1.89000000 NaN NaN
1.90000000 NaN NaN
1.91000000 NaN NaN
1.92000000 NaN NaN
1.93000000 NaN NaN
1.94000000 NaN NaN
1.95000000 NaN NaN
1.96000000 NaN NaN
1.97000000 NaN NaN
1.98000000 NaN NaN
1.99000000 NaN NaN
2.00000000 NaN NaN
2.01000000 NaN NaN
2.02000000 NaN NaN
2.03000000 NaN NaN
2.04000000 NaN NaN
2.05000000 NaN NaN
2.06000000 NaN NaN
2.07000000 NaN NaN
2.08000000 NaN NaN
2.09000000 NaN NaN
2.10000000 NaN NaN
2.11000000 NaN NaN
2.12000000 NaN NaN
2.13000000 NaN NaN
2.14000000 NaN NaN
2.15000000 NaN NaN
2.16000000 NaN NaN
2.17000000 NaN NaN
2.18000000 NaN NaN
2.19000000 NaN NaN
2.20000000 NaN NaN
2.21000000 NaN NaN
2.22000000 NaN NaN
2.23000000 NaN NaN
2.24000000 NaN NaN
2.25000000 NaN NaN
2.26000000 NaN NaN
2.27000000 NaN NaN
2.28000000 NaN NaN
2.29000000 NaN NaN
2.30000000 NaN NaN
2.31000000 NaN NaN
2.32000000 NaN NaN
2.33000000 NaN NaN
2.34000000 NaN NaN
2.35000000 NaN NaN
2.36000000 NaN NaN
2.37000000 NaN NaN
2.38000000 NaN NaN
2.39000000 NaN NaN
2.40000000 NaN NaN
2.41000000 NaN NaN
2.42000000 NaN NaN
2.43000000 NaN NaN
2.44000000 NaN NaN
2.45000000 NaN NaN
2.46000000 NaN NaN
2.47000000 NaN NaN
2.48000000 NaN NaN
2.49000000 NaN NaN
2.50000000 NaN NaN
2.51000000 NaN NaN
2.52000000 NaN NaN
2.53000000 NaN NaN
2.54000000 NaN NaN
2.55000000 NaN NaN
2.56000000 NaN NaN
2.57000000 NaN NaN
2.58000000 NaN NaN
2.59000000 NaN NaN
2.60000000 NaN NaN
2.61000000 NaN NaN
2.62000000 NaN NaN
2.63000000 NaN NaN
2.64000000 NaN NaN
2.65000000 NaN NaN
2.66000000 NaN NaN
2.67000000 NaN NaN
2.68000000 NaN NaN
2.69000000 NaN NaN
2.70000000 NaN NaN
2.71000000 NaN NaN
2.72000000 NaN NaN
2.73000000 NaN NaN
2.74000000 NaN NaN
2.75000000 NaN NaN
2.76000000 NaN NaN
2.77000000 NaN NaN
2.78000000 NaN NaN
2.79000000 NaN NaN
2.80000000 NaN NaN
2.81000000 NaN NaN
2.82000000 NaN NaN
2.83000000 NaN NaN
2.84000000 NaN NaN
2.85000000 NaN NaN
2.86000000 NaN NaN
2.87000000 NaN NaN
2.88000000 NaN NaN
2.89000000 NaN NaN
2.90000000 NaN NaN
2.91000000 NaN NaN
2.92000000 NaN NaN
2.93000000 NaN NaN
2.94000000 NaN NaN
2.95000000 NaN NaN
2.96000000 NaN NaN
2.97000000 NaN NaN
2.98000000 NaN NaN
2.99000000 NaN NaN
3.00000000 NaN NaN
3.01000000 NaN NaN
3.02000000 NaN NaN
3.03000000 NaN NaN
3.04000000 NaN NaN
3.05000000 NaN NaN
3.06000000 NaN NaN
3.07000000 NaN NaN
3.08000000 NaN NaN
3.09000000 NaN NaN
3.10000000 NaN NaN
3.11000000 NaN NaN
3.12000000 NaN NaN
3.13000000 NaN NaN
3.14000000 NaN NaN
3.15000000 NaN NaN
3.16000000 NaN NaN
3.17000000 NaN NaN
3.18000000 NaN NaN
3.19000000 NaN NaN
3.20000000 NaN NaN
3.21000000 NaN NaN
3.22000000 NaN NaN
3.23000000 NaN NaN
3.24000000 NaN NaN
3.25000000 NaN NaN
3.26000000 NaN NaN
3.27000000 NaN NaN
3.28000000 NaN NaN
3.29000000 NaN NaN
3.30000000 NaN NaN
3.31000000 NaN NaN
3.32000000 NaN NaN
3.33000000 NaN NaN
3.34000000 NaN NaN
3.35000000 NaN NaN
3.36000000 NaN NaN
3.37000000 NaN NaN
3.38000000 NaN NaN
3.39000000 NaN NaN
3.40000000 NaN NaN
3.41000000 NaN NaN
3.42000000 NaN NaN
3.43000000 NaN NaN
3.44000000 NaN NaN
3.45000000 NaN NaN
3.46000000 NaN NaN
3.47000000 NaN NaN
3.48000000 NaN NaN
3.49000000 NaN NaN
3.50000000 NaN NaN
3.51000000 NaN NaN
3.52000000 NaN NaN
3.53000000 NaN NaN
3.54000000 NaN NaN
3.55000000 NaN NaN
3.56000000 NaN NaN
3.57000000 NaN NaN
3.58000000 NaN NaN
3.59000000 NaN NaN
3.60000000 NaN NaN
3.61000000 NaN NaN
3.62000000 NaN NaN
3.63000000 NaN NaN
3.64000000 NaN NaN
3.65000000 NaN NaN
3.66000000 NaN NaN
3.67000000 NaN NaN
3.68000000 NaN NaN
3.69000000 NaN NaN
3.70000000 NaN NaN
3.71000000 NaN NaN
3.72000000 NaN NaN
3.73000000 NaN NaN
3.74000000 NaN NaN
3.75000000 NaN NaN
3.76000000 NaN NaN
3.77000000 NaN NaN
3.78000000 NaN NaN
3.79000000 NaN NaN
3.80000000 NaN NaN
3.81000000 NaN NaN
3.82000000 NaN NaN
3.83000000 NaN NaN
3.84000000 NaN NaN
3.85000000 NaN NaN
3.86000000 NaN NaN
3.87000000 NaN NaN
3.88000000 NaN NaN
3.89000000 NaN NaN
3.90000000 NaN NaN
3.91000000 NaN NaN
3.92000000 NaN NaN
3.93000000 NaN NaN
3.94000000 NaN NaN
3.95000000 NaN NaN
3.96000000 NaN NaN
3.97000000 NaN NaN
3.98000000 NaN NaN
3.99000000 NaN NaN
4.00000000 NaN NaN
4.01000000 NaN NaN
4.02000000 NaN NaN
4.03000000 NaN NaN
4.04000000 NaN NaN
4.05000000 NaN NaN
4.06000000 NaN NaN
4.07000000 NaN NaN
4.08000000 NaN NaN
4.09000000 NaN NaN
4.10000000 NaN NaN
4.11000000 NaN NaN
4.12000000 NaN NaN
4.13000000 NaN NaN
4.14000000 NaN NaN
4.15000000 NaN NaN
4.16000000 NaN NaN
4.17000000 NaN NaN
4.18000000 NaN NaN
4.19000000 NaN NaN
4.20000000 NaN NaN
4.21000000 NaN NaN
4.22000000 NaN NaN
4.23000000 NaN NaN
4.24000000 NaN NaN
4.25000000 NaN NaN
4.26000000 NaN NaN
4.27000000 NaN NaN
4.28000000 NaN NaN
4.29000000 NaN NaN
4.30000000 NaN NaN
4.31000000 NaN NaN
4.32000000 NaN NaN
4.33000000 NaN NaN
4.34000000 NaN NaN
4.35000000 NaN NaN
4.36000000 NaN NaN
4.37000000 NaN NaN
4.38000000 NaN NaN
4.39000000 NaN NaN
4.40000000 NaN NaN
4.41000000 NaN NaN
4.42000000 NaN NaN
4.43000000 NaN NaN
4.44000000 NaN NaN
4.45000000 NaN NaN
4.46000000 NaN NaN
4.47000000 NaN NaN
4.48000000 NaN NaN
4.49000000 NaN NaN
4.50000000 NaN NaN
4.51000000 NaN NaN
4.52000000 NaN NaN
4.53000000 NaN NaN
4.54000000 NaN NaN
4.55000000 NaN NaN
4.56000000 NaN NaN
4.57000000 NaN NaN
4.58000000 NaN NaN
4.59000000 NaN NaN
4.60000000 NaN NaN
4.61000000 NaN NaN
4.62000000 NaN NaN
4.63000000 NaN NaN
4.64000000 NaN NaN
4.65000000 NaN NaN
4.66000000 NaN NaN
4.67000000 NaN NaN
4.68000000 NaN NaN
4.69000000 NaN NaN
4.70000000 NaN NaN
4.71000000 NaN NaN
4.72000000 NaN NaN
4.73000000 NaN NaN
4.74000000 NaN NaN
4.75000000 NaN NaN
4.76000000 NaN NaN
4.77000000 NaN NaN
4.78000000 NaN NaN
4.79000000 NaN NaN
4.80000000 NaN NaN
4.81000000 NaN NaN
4.82000000 NaN NaN
4.83000000 NaN NaN
4.84000000 NaN NaN
4.85000000 NaN NaN
4.86000000 NaN NaN
4.87000000 NaN NaN
4.88000000 NaN NaN
4.89000000 NaN NaN
4.90000000 NaN NaN
4.91000000 NaN NaN
4.92000000 NaN NaN
4.93000000 NaN NaN
4.94000000 NaN NaN
4.95000000 NaN NaN
4.96000000 NaN NaN
4.97000000 NaN NaN
4.98000000 NaN NaN
4.99000000 NaN NaN
5.00000000 NaN NaN
5.01000000 NaN NaN
5.02000000 NaN NaN
5.03000000 NaN NaN
5.04000000 NaN NaN
5.05000000 NaN NaN
5.06000000 NaN NaN
5.07000000 NaN NaN
5.08000000 NaN NaN
5.09000000 NaN NaN
5.10000000 NaN NaN
5.11000000 NaN NaN
5.12000000 NaN NaN
5.13000000 NaN NaN
5.14000000 NaN NaN
5.15000000 NaN NaN
5.16000000 NaN NaN
5.17000000 NaN NaN
5.18000000 NaN NaN
5.19000000 NaN NaN
5.20000000 NaN NaN
5.21000000 NaN NaN
5.22000000 NaN NaN
5.23000000 NaN NaN
5.24000000 NaN NaN
5.25000000 NaN NaN
5.26000000 NaN NaN
5.27000000 NaN NaN
5.28000000 NaN NaN
5.29000000 NaN NaN
5.30000000 NaN NaN
5.31000000 NaN NaN
5.32000000 NaN NaN
5.33000000 NaN NaN
5.34000000 NaN NaN
5.35000000 NaN NaN
5.36000000 NaN NaN
5.37000000 NaN NaN
5.38000000 NaN NaN
5.39000000 NaN NaN
5.40000000 NaN NaN
5.41000000 NaN NaN
5.42000000 NaN NaN
5.43000000 NaN NaN
5.44000000 NaN NaN
5.45000000 NaN NaN
5.46000000 NaN NaN
5.47000000 NaN NaN
5.48000000 NaN NaN
5.49000000 NaN NaN
5.50000000 NaN NaN
5.51000000 NaN NaN
5.52000000 NaN NaN
5.53000000 NaN NaN
5.54000000 NaN NaN
5.55000000 NaN NaN
5.56000000 NaN NaN
5.57000000 NaN NaN
5.58000000 NaN NaN
5.59000000 NaN NaN
5.60000000 NaN NaN
5.61000000 NaN NaN
5.62000000 NaN NaN
5.63000000 NaN NaN
5.64000000 NaN NaN
5.65000000 NaN NaN
5.66000000 NaN NaN
5.67000000 NaN NaN
5.68000000 NaN NaN
5.69000000 NaN NaN
5.70000000 NaN NaN
5.71000000 NaN NaN
5.72000000 NaN NaN
5.73000000 NaN NaN
5.74000000 NaN NaN
5.75000000 NaN NaN
5.76000000 NaN NaN
5.77000000 NaN NaN
5.78000000 NaN NaN
5.79000000 NaN NaN
5.80000000 NaN NaN
5.81000000 NaN NaN
5.82000000 NaN NaN
5.83000000 NaN NaN
5.84000000 NaN NaN
5.85000000 NaN NaN
5.86000000 NaN NaN
5.87000000 NaN NaN
5.88000000 NaN NaN
5.89000000 NaN NaN
5.90000000 NaN NaN
5.91000000 NaN NaN
5.92000000 NaN NaN
5.93000000 NaN NaN
5.94000000 NaN NaN
5.95000000 NaN NaN
5.96000000 NaN NaN
5.97000000 NaN NaN
5.98000000 NaN NaN
5.99000000 NaN NaN
6.00000000 NaN NaN
6.01000000 NaN NaN
6.02000000 NaN NaN
6.03000000 NaN NaN
6.04000000 NaN NaN
6.05000000 NaN NaN
6.06000000 NaN NaN
6.07000000 NaN NaN
6.08000000 NaN NaN
6.09000000 NaN NaN
6.10000000 NaN NaN
6.11000000 NaN NaN
6.12000000 NaN NaN
6.13000000 NaN NaN
6.14000000 NaN NaN
6.15000000 NaN NaN
6.16000000 NaN NaN
6.17000000 NaN NaN
6.18000000 NaN NaN
6.19000000 NaN NaN
6.20000000 NaN NaN
6.21000000 NaN NaN
6.22000000 NaN NaN
6.23000000 NaN NaN
6.24000000 NaN NaN
6.25000000 NaN NaN
6.26000000 NaN NaN
6.27000000 NaN NaN
6.28000000 NaN NaN
6.29000000 NaN NaN
6.30000000 NaN NaN
6.31000000 NaN NaN
6.32000000 NaN NaN
6.33000000 NaN NaN
6.34000000 NaN NaN
6.35000000 NaN NaN
6.36000000 NaN NaN
6.37000000 NaN NaN
6.38000000 NaN NaN
6.39000000 NaN NaN
6.40000000 NaN NaN
6.41000000 NaN NaN
6.42000000 NaN NaN
6.43000000 NaN NaN
6.44000000 NaN NaN
6.45000000 NaN NaN
6.46000000 NaN NaN
6.47000000 NaN NaN
6.48000000 NaN NaN
6.49000000 NaN NaN
6.50000000 NaN NaN
6.51000000 NaN NaN
6.52000000 NaN NaN
6.53000000 NaN NaN
6.54000000 NaN NaN
6.55000000 NaN NaN
6.56000000 NaN NaN
6.57000000 NaN NaN
6.58000000 NaN NaN
6.59000000 NaN NaN
6.60000000 NaN NaN
6.61000000 NaN NaN
6.62000000 NaN NaN
6.63000000 NaN NaN
6.64000000 NaN NaN
6.65000000 NaN NaN
6.66000000 NaN NaN
6.67000000 NaN NaN
6.68000000 NaN NaN
6.69000000 NaN NaN
6.70000000 NaN NaN
6.71000000 NaN NaN
6.72000000 NaN NaN
6.73000000 NaN NaN
6.74000000 NaN NaN
6.75000000 NaN NaN
6.76000000 NaN NaN
6.77000000 NaN NaN
6.78000000 NaN NaN
6.79000000 NaN NaN
6.80000000 NaN NaN
6.81000000 NaN NaN
6.82000000 NaN NaN
6.83000000 NaN NaN
6.84000000 NaN NaN
6.85000000 NaN NaN
6.86000000 NaN NaN
6.87000000 NaN NaN
6.88000000 NaN NaN
6.89000000 NaN NaN
6.90000000 NaN NaN
6.91000000 NaN NaN
6.92000000 NaN NaN
6.93000000 NaN NaN
6.94000000 NaN NaN
6.95000000 NaN NaN
6.96000000 NaN NaN
6.97000000 NaN NaN
6.98000000 NaN NaN
6.99000000 NaN NaN
7.00000000 NaN NaN
7.01000000 NaN NaN
7.02000000 NaN NaN
7.03000000 NaN NaN
7.04000000 NaN NaN
7.05000000 NaN NaN
7.06000000 NaN NaN
7.07000000 NaN NaN
7.08000000 NaN NaN
7.09000000 NaN NaN
7.10000000 NaN NaN
7.11000000 NaN NaN
7.12000000 NaN NaN
7.13000000 NaN NaN
7.14000000 NaN NaN
7.15000000 NaN NaN
7.16000000 NaN NaN
7.17000000 NaN NaN
7.18000000 NaN NaN
7.19000000 NaN NaN
7.20000000 NaN NaN
7.21000000 NaN NaN
7.22000000 NaN NaN
7.23000000 NaN NaN
7.24000000 NaN NaN
7.25000000 NaN NaN
7.26000000 NaN NaN
7.27000000 NaN NaN
7.28000000 NaN NaN
7.29000000 NaN NaN
7.30000000 NaN NaN
7.31000000 NaN NaN
7.32000000 NaN NaN
7.33000000 NaN NaN
7.34000000 NaN NaN
7.35000000 NaN NaN
7.36000000 NaN NaN
7.37000000 NaN NaN
7.38000000 NaN NaN
7.39000000 NaN NaN
7.40000000 NaN NaN
7.41000000 NaN NaN
7.42000000 NaN NaN
7.43000000 NaN NaN
7.44000000 NaN NaN
7.45000000 NaN NaN
7.46000000 NaN NaN
7.47000000 NaN NaN
7.48000000 NaN NaN
7.49000000 NaN NaN
7.50000000 NaN NaN
7.51000000 NaN NaN
7.52000000 NaN NaN
7.53000000 NaN NaN
7.54000000 NaN NaN
7.55000000 NaN NaN
7.56000000 NaN NaN
7.57000000 NaN NaN
7.58000000 NaN NaN
7.59000000 NaN NaN
7.60000000 NaN NaN
7.61000000 NaN NaN
7.62000000 NaN NaN
7.63000000 NaN NaN
7.64000000 NaN NaN
7.65000000 NaN NaN
7.66000000 NaN NaN
7.67000000 NaN NaN
7.68000000 NaN NaN
7.69000000 NaN NaN
7.70000000 NaN NaN
7.71000000 NaN NaN
7.72000000 NaN NaN
7.73000000 NaN NaN
7.74000000 NaN NaN
7.75000000 NaN NaN
7.76000000 NaN NaN
7.77000000 NaN NaN
7.78000000 NaN NaN
7.79000000 NaN NaN
7.80000000 NaN NaN
7.81000000 NaN NaN
7.82000000 NaN NaN
7.83000000 NaN NaN
7.84000000 NaN NaN
7.85000000 NaN NaN
7.86000000 NaN NaN
7.87000000 NaN NaN
7.88000000 NaN NaN
7.89000000 NaN NaN
7.90000000 NaN NaN
7.91000000 NaN NaN
7.92000000 NaN NaN
7.93000000 NaN NaN
7.94000000 NaN NaN
7.95000000 NaN NaN
7.96000000 NaN NaN
7.97000000 NaN NaN
7.98000000 NaN NaN
7.99000000 NaN NaN
8.00000000 NaN NaN
8.01000000 NaN NaN
8.02000000 NaN NaN
8.03000000 NaN NaN
8.04000000 NaN NaN
8.05000000 NaN NaN
8.06000000 NaN NaN
8.07000000 NaN NaN
8.08000000 NaN NaN
8.09000000 NaN NaN
8.10000000 NaN NaN
8.11000000 NaN NaN
8.12000000 NaN NaN
8.13000000 NaN NaN
8.14000000 NaN NaN
8.15000000 NaN NaN
8.16000000 NaN NaN
8.17000000 NaN NaN
8.18000000 NaN NaN
8.19000000 NaN NaN
8.20000000 NaN NaN
8.21000000 NaN NaN
8.22000000 NaN NaN
8.23000000 NaN NaN
8.24000000 NaN NaN
8.25000000 NaN NaN
8.26000000 NaN NaN
8.27000000 NaN NaN
8.28000000 NaN NaN
8.29000000 NaN NaN
8.30000000 NaN NaN
8.31000000 NaN NaN
8.32000000 NaN NaN
8.33000000 NaN NaN
8.34000000 NaN NaN
8.35000000 NaN NaN
8.36000000 NaN NaN
8.37000000 NaN NaN
8.38000000 NaN NaN
8.39000000 NaN NaN
8.40000000 NaN NaN
8.41000000 NaN NaN
8.42000000 NaN NaN
8.43000000 NaN NaN
8.44000000 NaN NaN
8.45000000 NaN NaN
8.46000000 NaN NaN
8.47000000 NaN NaN
8.48000000 NaN NaN
8.49000000 NaN NaN
8.50000000 NaN NaN
8.51000000 NaN NaN
8.52000000 NaN NaN
8.53000000 NaN NaN
8.54000000 NaN NaN
8.55000000 NaN NaN
8.56000000 NaN NaN
8.57000000 NaN NaN
8.58000000 NaN NaN
8.59000000 NaN NaN
8.60000000 NaN NaN
8.61000000 NaN NaN
8.62000000 NaN NaN
8.63000000 NaN NaN
8.64000000 NaN NaN
8.65000000 NaN NaN
8.66000000 NaN NaN
8.67000000 NaN NaN
8.68000000 NaN NaN
8.69000000 NaN NaN
8.70000000 NaN NaN
8.71000000 NaN NaN
8.72000000 NaN NaN
8.73000000 NaN NaN
8.74000000 NaN NaN
8.75000000 NaN NaN
8.76000000 NaN NaN
8.77000000 NaN NaN
8.78000000 NaN NaN
8.79000000 NaN NaN
8.80000000 NaN NaN
8.81000000 NaN NaN
8.82000000 NaN NaN
8.83000000 NaN NaN
8.84000000 NaN NaN
8.85000000 NaN NaN
8.86000000 NaN NaN
8.87000000 NaN NaN
8.88000000 NaN NaN
8.89000000 NaN NaN
8.90000000 NaN NaN
8.91000000 NaN NaN
8.92000000 NaN NaN
8.93000000 NaN NaN
8.94000000 NaN NaN
8.95000000 NaN NaN
8.96000000 NaN NaN
8.97000000 NaN NaN
8.98000000 NaN NaN
8.99000000 NaN NaN
9.00000000 NaN NaN
9.01000000 NaN NaN
9.02000000 NaN NaN
9.03000000 NaN NaN
9.04000000 NaN NaN
9.05000000 NaN NaN
9.06000000 NaN NaN
9.07000000 NaN NaN
9.08000000 NaN NaN
9.09000000 NaN NaN
9.10000000 NaN NaN
9.11000000 NaN NaN
9.12000000 NaN NaN
9.13000000 NaN NaN
9.14000000 NaN NaN
9.15000000 NaN NaN
9.16000000 NaN NaN
9.17000000 NaN NaN
9.18000000 NaN NaN
9.19000000 NaN NaN
9.20000000 NaN NaN
9.21000000 NaN NaN
9.22000000 NaN NaN
9.23000000 NaN NaN
9.24000000 NaN NaN
9.25000000 NaN NaN
9.26000000 NaN NaN
9.27000000 NaN NaN
9.28000000 NaN NaN
9.29000000 NaN NaN
9.30000000 NaN NaN
9.31000000 NaN NaN
9.32000000 NaN NaN
9.33000000 NaN NaN
9.34000000 NaN NaN
9.35000000 NaN NaN
9.36000000 NaN NaN
9.37000000 NaN NaN
9.38000000 NaN NaN
9.39000000 NaN NaN
9.40000000 NaN NaN
9.41000000 NaN NaN
9.42000000 NaN NaN
9.43000000 NaN NaN
9.44000000 NaN NaN
9.45000000 NaN NaN
9.46000000 NaN NaN
9.47000000 NaN NaN
9.48000000 NaN NaN
9.49000000 NaN NaN
9.50000000 NaN NaN
9.51000000 NaN NaN
9.52000000 NaN NaN
9.53000000 NaN NaN
9.54000000 NaN NaN
9.55000000 NaN NaN
9.56000000 NaN NaN
9.57000000 NaN NaN
9.58000000 NaN NaN
9.59000000 NaN NaN
9.60000000 NaN NaN
9.61000000 NaN NaN
9.62000000 NaN NaN
9.63000000 NaN NaN
9.64000000 NaN NaN
9.65000000 NaN NaN
9.66000000 NaN NaN
9.67000000 NaN NaN
9.68000000 NaN NaN
9.69000000 NaN NaN
9.70000000 NaN NaN
9.71000000 NaN NaN
9.72000000 NaN NaN
9.73000000 NaN NaN
9.74000000 NaN NaN
9.75000000 NaN NaN
9.76000000 NaN NaN
9.77000000 NaN NaN
9.78000000 NaN NaN
9.79000000 NaN NaN
9.80000000 NaN NaN
9.81000000 NaN NaN
9.82000000 NaN NaN
9.83000000 NaN NaN
9.84000000 NaN NaN
9.85000000 NaN NaN
9.86000000 NaN NaN
9.87000000 NaN NaN
9.88000000 NaN NaN
9.89000000 NaN NaN
9.90000000 NaN NaN
9.91000000 NaN NaN
9.92000000 NaN NaN
9.93000000 NaN NaN
9.94000000 NaN NaN
9.95000000 NaN NaN
9.96000000 NaN NaN
9.97000000 NaN NaN
9.98000000 NaN NaN
9.99000000 NaN NaN
10.00000000 NaN NaN
