0.00000000 1.00000000 3.00000000
0.01000000 0.96097845 2.95107746
0.02000000 0.92291424 2.90321029
0.03000000 0.88578671 2.85637686
0.04000000 0.84957559 2.81055593
0.05000000 0.81426105 2.76572674
0.06000000 0.77982368 2.72186891
0.07000000 0.74624443 2.67896248
0.08000000 0.71350467 2.63698789
0.09000000 0.68158615 2.59592597
0.10000000 0.65047099 2.55575794
0.11000000 0.62014168 2.51646540
0.12000000 0.59058108 2.47803030
0.13000000 0.56177238 2.44043498
0.14000000 0.53369913 2.40366210
0.15000000 0.50634524 2.36769472
0.16000000 0.47969492 2.33251618
0.17000000 0.45373271 2.29811020
0.18000000 0.42844350 2.26446081
0.19000000 0.40381245 2.23155236
0.20000000 0.37982506 2.19936953
0.21000000 0.35646711 2.16789728
0.22000000 0.33372469 2.13712090
0.23000000 0.31158418 2.10702596
0.24000000 0.29003221 2.07759834
0.25000000 0.26905573 2.04882417
0.26000000 0.24864193 2.02068989
0.27000000 0.22877828 1.99318221
0.28000000 0.20945252 1.96628809
0.29000000 0.19065263 1.93999477
0.30000000 0.17236683 1.91428975
0.31000000 0.15458362 1.88916076
0.32000000 0.13729170 1.86459581
0.33000000 0.12048004 1.84058311
0.34000000 0.10413781 1.81711116
0.35000000 0.08825444 1.79416864
0.36000000 0.07281955 1.77174450
0.37000000 0.05782299 1.74982789
0.38000000 0.04325483 1.72840820
0.39000000 0.02910533 1.70747500
0.40000000 0.01536497 1.68701811
0.41000000 0.00202442 1.66702753
0.42000000 -0.01092545 1.64749347
0.43000000 -0.02349358 1.62840634
0.44000000 -0.03568871 1.60975675
0.45000000 -0.04751942 1.59153549
0.46000000 -0.05899409 1.57373354
0.47000000 -0.07012094 1.55634207
0.48000000 -0.08090798 1.53935242
0.49000000 -0.09136311 1.52275611
0.50000000 -0.10149400 1.50654482
0.51000000 -0.11130821 1.49071043
0.52000000 -0.12081311 1.47524495
0.53000000 -0.13001592 1.46014057
0.54000000 -0.13892371 1.44538964
0.55000000 -0.14754341 1.43098467
0.56000000 -0.15588177 1.41691830
0.57000000 -0.16394544 1.40318335
0.58000000 -0.17174090 1.38977276
0.59000000 -0.17927449 1.37667962
0.60000000 -0.18655243 1.36389718
0.61000000 -0.19358081 1.35141881
0.62000000 -0.20036557 1.33923801
0.63000000 -0.20691254 1.32734844
0.64000000 -0.21322741 1.31574385
0.65000000 -0.21931578 1.30441814
0.66000000 -0.22518308 1.29336535
0.67000000 -0.23083468 1.28257962
0.68000000 -0.23627578 1.27205520
0.69000000 -0.24151151 1.26178649
0.70000000 -0.24654687 1.25176799
0.71000000 -0.25138676 1.24199429
0.72000000 -0.25603596 1.23246013
0.73000000 -0.26049917 1.22316032
0.74000000 -0.26478096 1.21408982
0.75000000 -0.26888583 1.20524365
0.76000000 -0.27281817 1.19661696
0.77000000 -0.27658227 1.18820499
0.78000000 -0.28018234 1.18000307
0.79000000 -0.28362247 1.17200665
0.80000000 -0.28690669 1.16421125
0.81000000 -0.29003894 1.15661248
0.82000000 -0.29302306 1.14920607
0.83000000 -0.29586282 1.14198781
0.84000000 -0.29856189 1.13495358
0.85000000 -0.30112388 1.12809936
0.86000000 -0.30355230 1.12142120
0.87000000 -0.30585061 1.11491524
0.88000000 -0.30802216 1.10857769
0.89000000 -0.31007026 1.10240484
0.90000000 -0.31199812 1.09639307
0.91000000 -0.31380890 1.09053881
0.92000000 -0.31550567 1.08483860
0.93000000 -0.31709145 1.07928901
0.94000000 -0.31856918 1.07388672
0.95000000 -0.31994175 1.06862845
0.96000000 -0.32121197 1.06351100
0.97000000 -0.32238260 1.05853124
0.98000000 -0.32345632 1.05368609
0.99000000 -0.32443577 1.04897256
1.00000000 -0.32532352 1.04438769
1.01000000 -0.32612210 1.03992861
1.02000000 -0.32683395 1.03559250
1.03000000 -0.32746148 1.03137658
1.04000000 -0.32800704 1.02727817
1.05000000 -0.32847293 1.02329460
1.06000000 -0.32886140 1.01942329
1.07000000 -0.32917463 1.01566169
1.08000000 -0.32941478 1.01200732
1.09000000 -0.32958393 1.00845775
1.10000000 -0.32968415 1.00501059
1.11000000 -0.32971742 1.00166351
1.12000000 -0.32968570 0.99841423
1.13000000 -0.32959091 0.99526050
1.14000000 -0.32943491 0.99220015
1.15000000 -0.32921953 0.98923102
1.16000000 -0.32894655 0.98635103
1.17000000 -0.32861772 0.98355811
1.18000000 -0.32823472 0.98085025
1.19000000 -0.32779923 0.97822550
1.20000000 -0.32731287 0.97568191
1.21000000 -0.32677722 0.97321761
1.22000000 -0.32619384 0.97083075
1.23000000 -0.32556423 0.96851952
1.24000000 -0.32488987 0.96628216
1.25000000 -0.32417221 0.96411693
1.26000000 -0.32341265 0.96202214
1.27000000 -0.32261257 0.95999613
1.28000000 -0.32177332 0.95803728
1.29000000 -0.32089620 0.95614399
1.30000000 -0.31998249 0.95431473
1.31000000 -0.31903345 0.95254795
1.32000000 -0.31805030 0.95084219
1.33000000 -0.31703422 0.94919596
1.34000000 -0.31598637 0.94760786
1.35000000 -0.31490790 0.94607649
1.36000000 -0.31379991 0.94460048
1.37000000 -0.31266348 0.94317849
1.38000000 -0.31149967 0.94180922
1.39000000 -0.31030949 0.94049138
1.40000000 -0.30909397 0.93922373
1.41000000 -0.30785407 0.93800504
1.42000000 -0.30659075 0.93683410
1.43000000 -0.30530495 0.93570976
1.44000000 -0.30399756 0.93463086
1.45000000 -0.30266949 0.93359628
1.46000000 -0.30132159 0.93260491
1.47000000 -0.29995470 0.93165570
1.48000000 -0.29856965 0.93074757
1.49000000 -0.29716724 0.92987951
1.50000000 -0.29574825 0.92905052
1.51000000 -0.29431345 0.92825959
1.52000000 -0.29286356 0.92750579
1.53000000 -0.29139932 0.92678815
1.54000000 -0.28992144 0.92610576
1.55000000 -0.28843059 0.92545772
1.56000000 -0.28692746 0.92484315
1.57000000 -0.28541268 0.92426119
1.58000000 -0.28388690 0.92371099
1.59000000 -0.28235074 0.92319173
1.60000000 -0.28080479 0.92270261
1.61000000 -0.27924964 0.92224283
1.62000000 -0.27768588 0.92181162
1.63000000 -0.27611404 0.92140823
1.64000000 -0.27453468 0.92103193
1.65000000 -0.27294832 0.92068198
1.66000000 -0.27135547 0.92035770
1.67000000 -0.26975664 0.92005838
1.68000000 -0.26815231 0.91978336
1.69000000 -0.26654295 0.91953197
1.70000000 -0.26492902 0.91930357
1.71000000 -0.26331097 0.91909753
1.72000000 -0.26168923 0.91891325
1.73000000 -0.26006424 0.91875010
1.74000000 -0.25843639 0.91860751
1.75000000 -0.25680608 0.91848490
1.76000000 -0.25517372 0.91838171
1.77000000 -0.25353967 0.91829740
1.78000000 -0.25190430 0.91823141
1.79000000 -0.25026796 0.91818323
1.80000000 -0.24863101 0.91815235
1.81000000 -0.24699377 0.91813827
1.82000000 -0.24535658 0.91814049
1.83000000 -0.24371975 0.91815853
1.84000000 -0.24208359 0.91819194
1.85000000 -0.24044840 0.91824025
1.86000000 -0.23881446 0.91830301
1.87000000 -0.23718205 0.91837980
1.88000000 -0.23555146 0.91847018
1.89000000 -0.23392293 0.91857374
1.90000000 -0.23229673 0.91869007
1.91000000 -0.23067311 0.91881877
1.92000000 -0.22905230 0.91895947
1.93000000 -0.22743453 0.91911177
1.94000000 -0.22582004 0.91927531
1.95000000 -0.22420903 0.91944973
1.96000000 -0.22260173 0.91963467
1.97000000 -0.22099832 0.91982979
1.98000000 -0.21939902 0.92003476
1.99000000 -0.21780400 0.92024924
2.00000000 -0.21621346 0.92047292
2.01000000 -0.21462757 0.92070548
2.02000000 -0.21304650 0.92094662
2.03000000 -0.21147042 0.92119603
2.04000000 -0.20989949 0.92145343
2.05000000 -0.20833386 0.92171854
2.06000000 -0.20677368 0.92199107
2.07000000 -0.20521910 0.92227076
2.08000000 -0.20367025 0.92255733
2.09000000 -0.20212726 0.92285054
2.10000000 -0.20059026 0.92315014
2.11000000 -0.19905938 0.92345587
2.12000000 -0.19753473 0.92376750
2.13000000 -0.19601642 0.92408479
2.14000000 -0.19450457 0.92440752
2.15000000 -0.19299928 0.92473546
2.16000000 -0.19150065 0.92506840
2.17000000 -0.19000877 0.92540613
2.18000000 -0.18852374 0.92574844
2.19000000 -0.18704564 0.92609513
2.20000000 -0.18557456 0.92644600
2.21000000 -0.18411058 0.92680087
2.22000000 -0.18265377 0.92715955
2.23000000 -0.18120421 0.92752185
2.24000000 -0.17976196 0.92788760
2.25000000 -0.17832709 0.92825663
2.26000000 -0.17689967 0.92862877
2.27000000 -0.17547975 0.92900386
2.28000000 -0.17406738 0.92938173
2.29000000 -0.17266263 0.92976224
2.30000000 -0.17126553 0.93014523
2.31000000 -0.16987614 0.93053055
2.32000000 -0.16849450 0.93091806
2.33000000 -0.16712066 0.93130763
2.34000000 -0.16575464 0.93169911
2.35000000 -0.16439649 0.93209237
2.36000000 -0.16304623 0.93248729
2.37000000 -0.16170391 0.93288374
2.38000000 -0.16036954 0.93328160
2.39000000 -0.15904315 0.93368074
2.40000000 -0.15772477 0.93408106
2.41000000 -0.15641442 0.93448245
2.42000000 -0.15511212 0.93488478
2.43000000 -0.15381788 0.93528796
2.44000000 -0.15253172 0.93569189
2.45000000 -0.15125364 0.93609646
2.46000000 -0.14998368 0.93650157
2.47000000 -0.14872182 0.93690714
2.48000000 -0.14746808 0.93731307
2.49000000 -0.14622247 0.93771927
2.50000000 -0.14498498 0.93812565
2.51000000 -0.14375562 0.93853213
2.52000000 -0.14253439 0.93893862
2.53000000 -0.14132129 0.93934506
2.54000000 -0.14011632 0.93975136
2.55000000 -0.13891947 0.94015744
2.56000000 -0.13773074 0.94056323
2.57000000 -0.13655011 0.94096867
2.58000000 -0.13537758 0.94137369
2.59000000 -0.13421315 0.94177821
2.60000000 -0.13305679 0.94218218
2.61000000 -0.13190850 0.94258552
2.62000000 -0.13076826 0.94298820
2.63000000 -0.12963607 0.94339013
2.64000000 -0.12851189 0.94379127
2.65000000 -0.12739572 0.94419157
2.66000000 -0.12628754 0.94459097
2.67000000 -0.12518733 0.94498941
2.68000000 -0.12409507 0.94538685
2.69000000 -0.12301073 0.94578325
2.70000000 -0.12193430 0.94617855
2.71000000 -0.12086576 0.94657271
2.72000000 -0.11980507 0.94696569
2.73000000 -0.11875222 0.94735744
2.74000000 -0.11770718 0.94774793
2.75000000 -0.11666992 0.94813712
2.76000000 -0.11564042 0.94852497
2.77000000 -0.11461865 0.94891144
2.78000000 -0.11360458 0.94929650
2.79000000 -0.11259818 0.94968011
2.80000000 -0.11159943 0.95006225
2.81000000 -0.11060829 0.95044288
2.82000000 -0.10962473 0.95082197
2.83000000 -0.10864872 0.95119950
2.84000000 -0.10768022 0.95157544
2.85000000 -0.10671922 0.95194975
2.86000000 -0.10576567 0.95232242
2.87000000 -0.10481954 0.95269342
2.88000000 -0.10388079 0.95306273
2.89000000 -0.10294940 0.95343033
2.90000000 -0.10202532 0.95379619
2.91000000 -0.10110853 0.95416030
2.92000000 -0.10019898 0.95452263
2.93000000 -0.09929664 0.95488317
2.94000000 -0.09840148 0.95524190
2.95000000 -0.09751346 0.95559880
2.96000000 -0.09663253 0.95595386
2.97000000 -0.09575868 0.95630706
2.98000000 -0.09489184 0.95665839
2.99000000 -0.09403200 0.95700783
3.00000000 -0.09317911 0.95735538
3.01000000 -0.09233313 0.95770102
3.02000000 -0.09149402 0.95804474
3.03000000 -0.09066175 0.95838652
3.04000000 -0.08983628 0.95872637
3.05000000 -0.08901757 0.95906427
3.06000000 -0.08820557 0.95940020
3.07000000 -0.08740025 0.95973418
3.08000000 -0.08660158 0.96006617
3.09000000 -0.08580950 0.96039619
3.10000000 -0.08502398 0.96072423
3.11000000 -0.08424499 0.96105027
3.12000000 -0.08347248 0.96137432
3.13000000 -0.08270640 0.96169636
3.14000000 -0.08194673 0.96201640
3.15000000 -0.08119342 0.96233443
3.16000000 -0.08044643 0.96265046
3.17000000 -0.07970572 0.96296446
3.18000000 -0.07897125 0.96327646
3.19000000 -0.07824298 0.96358644
3.20000000 -0.07752086 0.96389440
3.21000000 -0.07680487 0.96420034
3.22000000 -0.07609496 0.96450426
3.23000000 -0.07539108 0.96480616
3.24000000 -0.07469320 0.96510605
3.25000000 -0.07400128 0.96540392
3.26000000 -0.07331527 0.96569977
3.27000000 -0.07263515 0.96599361
3.28000000 -0.07196086 0.96628544
3.29000000 -0.07129236 0.96657526
3.30000000 -0.07062962 0.96686307
3.31000000 -0.06997260 0.96714888
3.32000000 -0.06932125 0.96743269
3.33000000 -0.06867554 0.96771450
3.34000000 -0.06803543 0.96799431
3.35000000 -0.06740087 0.96827214
3.36000000 -0.06677183 0.96854798
3.37000000 -0.06614827 0.96882184
3.38000000 -0.06553014 0.96909373
3.39000000 -0.06491742 0.96936365
3.40000000 -0.06431005 0.96963160
3.41000000 -0.06370800 0.96989759
3.42000000 -0.06311123 0.97016163
3.43000000 -0.06251971 0.97042372
3.44000000 -0.06193338 0.97068387
3.45000000 -0.06135223 0.97094209
3.46000000 -0.06077619 0.97119837
3.47000000 -0.06020525 0.97145274
3.48000000 -0.05963935 0.97170519
3.49000000 -0.05907847 0.97195573
3.50000000 -0.05852255 0.97220438
3.51000000 -0.05797158 0.97245113
3.52000000 -0.05742550 0.97269599
3.53000000 -0.05688428 0.97293898
3.54000000 -0.05634788 0.97318010
3.55000000 -0.05581627 0.97341935
3.56000000 -0.05528940 0.97365676
3.57000000 -0.05476725 0.97389232
3.58000000 -0.05424977 0.97412604
3.59000000 -0.05373693 0.97435793
3.60000000 -0.05322869 0.97458800
3.61000000 -0.05272501 0.97481626
3.62000000 -0.05222587 0.97504272
3.63000000 -0.05173121 0.97526739
3.64000000 -0.05124102 0.97549027
3.65000000 -0.05075525 0.97571138
3.66000000 -0.05027386 0.97593072
3.67000000 -0.04979683 0.97614830
3.68000000 -0.04932411 0.97636414
3.69000000 -0.04885567 0.97657823
3.70000000 -0.04839149 0.97679060
3.71000000 -0.04793151 0.97700125
3.72000000 -0.04747572 0.97721018
3.73000000 -0.04702406 0.97741742
3.74000000 -0.04657652 0.97762297
3.75000000 -0.04613306 0.97782683
3.76000000 -0.04569364 0.97802902
3.77000000 -0.04525823 0.97822955
3.78000000 -0.04482680 0.97842843
3.79000000 -0.04439931 0.97862567
3.80000000 -0.04397574 0.97882127
3.81000000 -0.04355604 0.97901526
3.82000000 -0.04314020 0.97920763
3.83000000 -0.04272816 0.97939839
3.84000000 -0.04231992 0.97958757
3.85000000 -0.04191542 0.97977516
3.86000000 -0.04151464 0.97996118
3.87000000 -0.04111756 0.98014563
3.88000000 -0.04072413 0.98032853
3.89000000 -0.04033432 0.98050989
3.90000000 -0.03994812 0.98068972
3.91000000 -0.03956548 0.98086803
3.92000000 -0.03918637 0.98104482
3.93000000 -0.03881078 0.98122011
3.94000000 -0.03843866 0.98139390
3.95000000 -0.03806998 0.98156622
3.96000000 -0.03770472 0.98173706
3.97000000 -0.03734285 0.98190644
3.98000000 -0.03698434 0.98207436
3.99000000 -0.03662915 0.98224084
4.00000000 -0.03627727 0.98240590
4.01000000 -0.03592866 0.98256952
4.02000000 -0.03558330 0.98273174
4.03000000 -0.03524115 0.98289255
4.04000000 -0.03490219 0.98305197
4.05000000 -0.03456639 0.98321000
4.06000000 -0.03423372 0.98336667
4.07000000 -0.03390416 0.98352197
4.08000000 -0.03357768 0.98367591
4.09000000 -0.03325425 0.98382851
4.10000000 -0.03293384 0.98397978
4.11000000 -0.03261644 0.98412973
4.12000000 -0.03230201 0.98427836
4.13000000 -0.03199052 0.98442568
4.14000000 -0.03168195 0.98457171
4.15000000 -0.03137628 0.98471645
4.16000000 -0.03107348 0.98485992
4.17000000 -0.03077352 0.98500212
4.18000000 -0.03047638 0.98514307
4.19000000 -0.03018204 0.98528276
4.20000000 -0.02989046 0.98542122
4.21000000 -0.02960163 0.98555845
4.22000000 -0.02931552 0.98569446
4.23000000 -0.02903211 0.98582926
4.24000000 -0.02875137 0.98596286
4.25000000 -0.02847327 0.98609527
4.26000000 -0.02819780 0.98622650
4.27000000 -0.02792493 0.98635655
4.28000000 -0.02765464 0.98648544
4.29000000 -0.02738690 0.98661318
4.30000000 -0.02712170 0.98673977
4.31000000 -0.02685900 0.98686522
4.32000000 -0.02659880 0.98698955
4.33000000 -0.02634105 0.98711276
4.34000000 -0.02608575 0.98723485
4.35000000 -0.02583286 0.98735585
4.36000000 -0.02558238 0.98747575
4.37000000 -0.02533427 0.98759457
4.38000000 -0.02508852 0.98771232
4.39000000 -0.02484510 0.98782900
4.40000000 -0.02460399 0.98794462
4.41000000 -0.02436517 0.98805919
4.42000000 -0.02412863 0.98817272
4.43000000 -0.02389433 0.98828522
4.44000000 -0.02366227 0.98839670
4.45000000 -0.02343241 0.98850716
4.46000000 -0.02320474 0.98861661
4.47000000 -0.02297924 0.98872507
4.48000000 -0.02275589 0.98883253
4.49000000 -0.02253467 0.98893902
4.50000000 -0.02231556 0.98904453
4.51000000 -0.02209855 0.98914907
4.52000000 -0.02188360 0.98925265
4.53000000 -0.02167070 0.98935529
4.54000000 -0.02145984 0.98945698
4.55000000 -0.02125100 0.98955774
4.56000000 -0.02104415 0.98965757
4.57000000 -0.02083928 0.98975648
4.58000000 -0.02063637 0.98985448
4.59000000 -0.02043540 0.98995158
4.60000000 -0.02023636 0.99004778
4.61000000 -0.02003922 0.99014310
4.62000000 -0.01984397 0.99023753
4.63000000 -0.01965059 0.99033110
4.64000000 -0.01945907 0.99042379
4.65000000 -0.01926938 0.99051563
4.66000000 -0.01908151 0.99060661
4.67000000 -0.01889545 0.99069676
4.68000000 -0.01871117 0.99078606
4.69000000 -0.01852866 0.99087454
4.70000000 -0.01834790 0.99096220
4.71000000 -0.01816888 0.99104904
4.72000000 -0.01799159 0.99113507
4.73000000 -0.01781599 0.99122030
4.74000000 -0.01764209 0.99130474
4.75000000 -0.01746985 0.99138839
4.76000000 -0.01729928 0.99147126
4.77000000 -0.01713035 0.99155335
4.78000000 -0.01696304 0.99163468
4.79000000 -0.01679734 0.99171525
4.80000000 -0.01663325 0.99179507
4.81000000 -0.01647073 0.99187413
4.82000000 -0.01630978 0.99195246
4.83000000 -0.01615038 0.99203006
4.84000000 -0.01599252 0.99210692
4.85000000 -0.01583618 0.99218307
4.86000000 -0.01568135 0.99225850
4.87000000 -0.01552801 0.99233322
4.88000000 -0.01537616 0.99240725
4.89000000 -0.01522577 0.99248057
4.90000000 -0.01507683 0.99255321
4.91000000 -0.01492934 0.99262516
4.92000000 -0.01478327 0.99269643
4.93000000 -0.01463861 0.99276704
4.94000000 -0.01449535 0.99283697
4.95000000 -0.01435347 0.99290625
4.96000000 -0.01421297 0.99297487
4.97000000 -0.01407383 0.99304285
4.98000000 -0.01393603 0.99311019
4.99000000 -0.01379957 0.99317688
5.00000000 -0.01366443 0.99324295
5.01000000 -0.01353059 0.99330839
5.02000000 -0.01339806 0.99337322
5.03000000 -0.01326681 0.99343742
5.04000000 -0.01313683 0.99350103
5.05000000 -0.01300811 0.99356402
5.06000000 -0.01288064 0.99362642
5.07000000 -0.01275440 0.99368823
5.08000000 -0.01262939 0.99374946
5.09000000 -0.01250559 0.99381010
5.10000000 -0.01238300 0.99387016
5.11000000 -0.01226159 0.99392966
5.12000000 -0.01214136 0.99398859
5.13000000 -0.01202230 0.99404695
5.14000000 -0.01190439 0.99410477
5.15000000 -0.01178763 0.99416203
5.16000000 -0.01167201 0.99421875
5.17000000 -0.01155751 0.99427492
5.18000000 -0.01144412 0.99433057
5.19000000 -0.01133183 0.99438568
5.20000000 -0.01122064 0.99444026
5.21000000 -0.01111053 0.99449433
5.22000000 -0.01100148 0.99454788
5.23000000 -0.01089350 0.99460091
5.24000000 -0.01078657 0.99465345
5.25000000 -0.01068068 0.99470547
5.26000000 -0.01057582 0.99475701
5.27000000 -0.01047198 0.99480805
5.28000000 -0.01036915 0.99485860
5.29000000 -0.01026733 0.99490866
5.30000000 -0.01016649 0.99495825
5.31000000 -0.01006664 0.99500736
5.32000000 -0.00996776 0.99505601
5.33000000 -0.00986984 0.99510418
5.34000000 -0.00977288 0.99515190
5.35000000 -0.00967686 0.99519915
5.36000000 -0.00958178 0.99524596
5.37000000 -0.00948763 0.99529231
5.38000000 -0.00939439 0.99533822
5.39000000 -0.00930207 0.99538369
5.40000000 -0.00921064 0.99542872
5.41000000 -0.00912011 0.99547332
5.42000000 -0.00903046 0.99551749
5.43000000 -0.00894168 0.99556124
5.44000000 -0.00885377 0.99560456
5.45000000 -0.00876672 0.99564747
5.46000000 -0.00868052 0.99568997
5.47000000 -0.00859516 0.99573205
5.48000000 -0.00851064 0.99577373
5.49000000 -0.00842694 0.99581502
5.50000000 -0.00834406 0.99585590
5.51000000 -0.00826198 0.99589639
5.52000000 -0.00818071 0.99593648
5.53000000 -0.00810024 0.99597620
5.54000000 -0.00802055 0.99601553
5.55000000 -0.00794164 0.99605447
5.56000000 -0.00786350 0.99609305
5.57000000 -0.00778612 0.99613125
5.58000000 -0.00770950 0.99616908
5.59000000 -0.00763364 0.99620655
5.60000000 -0.00755851 0.99624365
5.61000000 -0.00748412 0.99628040
5.62000000 -0.00741045 0.99631679
5.63000000 -0.00733751 0.99635283
5.64000000 -0.00726528 0.99638852
5.65000000 -0.00719376 0.99642387
5.66000000 -0.00712293 0.99645887
5.67000000 -0.00705281 0.99649354
5.68000000 -0.00698336 0.99652787
5.69000000 -0.00691460 0.99656187
5.70000000 -0.00684651 0.99659554
5.71000000 -0.00677909 0.99662888
5.72000000 -0.00671233 0.99666190
5.73000000 -0.00664622 0.99669460
5.74000000 -0.00658076 0.99672698
5.75000000 -0.00651594 0.99675905
5.76000000 -0.00645176 0.99679081
5.77000000 -0.00638820 0.99682226
5.78000000 -0.00632527 0.99685341
5.79000000 -0.00626295 0.99688425
5.80000000 -0.00620125 0.99691479
5.81000000 -0.00614015 0.99694504
5.82000000 -0.00607965 0.99697499
5.83000000 -0.00601974 0.99700466
5.84000000 -0.00596042 0.99703403
5.85000000 -0.00590169 0.99706312
5.86000000 -0.00584352 0.99709193
5.87000000 -0.00578593 0.99712045
5.88000000 -0.00572891 0.99714870
5.89000000 -0.00567244 0.99717668
5.90000000 -0.00561653 0.99720438
5.91000000 -0.00556117 0.99723182
5.92000000 -0.00550634 0.99725898
5.93000000 -0.00545206 0.99728589
5.94000000 -0.00539831 0.99731253
5.95000000 -0.00534509 0.99733891
5.96000000 -0.00529239 0.99736503
5.97000000 -0.00524021 0.99739090
5.98000000 -0.00518854 0.99741652
5.99000000 -0.00513738 0.99744189
6.00000000 -0.00508672 0.99746702
6.01000000 -0.00503656 0.99749189
6.02000000 -0.00498689 0.99751653
6.03000000 -0.00493771 0.99754092
6.04000000 -0.00488901 0.99756508
6.05000000 -0.00484079 0.99758900
6.06000000 -0.00479304 0.99761269
6.07000000 -0.00474576 0.99763615
6.08000000 -0.00469895 0.99765938
6.09000000 -0.00465260 0.99768238
6.10000000 -0.00460670 0.99770516
6.11000000 -0.00456126 0.99772772
6.12000000 -0.00451626 0.99775005
6.13000000 -0.00447170 0.99777217
6.14000000 -0.00442758 0.99779407
6.15000000 -0.00438390 0.99781576
6.16000000 -0.00434064 0.99783724
6.17000000 -0.00429781 0.99785850
6.18000000 -0.00425540 0.99787956
6.19000000 -0.00421341 0.99790042
6.20000000 -0.00417183 0.99792107
6.21000000 -0.00413066 0.99794151
6.22000000 -0.00408990 0.99796176
6.23000000 -0.00404954 0.99798181
6.24000000 -0.00400957 0.99800167
6.25000000 -0.00397000 0.99802133
6.26000000 -0.00393081 0.99804079
6.27000000 -0.00389201 0.99806007
6.28000000 -0.00385360 0.99807916
6.29000000 -0.00381556 0.99809806
6.30000000 -0.00377789 0.99811678
6.31000000 -0.00374060 0.99813532
6.32000000 -0.00370367 0.99815367
6.33000000 -0.00366711 0.99817184
6.34000000 -0.00363091 0.99818984
6.35000000 -0.00359506 0.99820766
6.36000000 -0.00355957 0.99822530
6.37000000 -0.00352442 0.99824278
6.38000000 -0.00348962 0.99826008
6.39000000 -0.00345517 0.99827721
6.40000000 -0.00342105 0.99829417
6.41000000 -0.00338727 0.99831097
6.42000000 -0.00335382 0.99832761
6.43000000 -0.00332070 0.99834408
6.44000000 -0.00328791 0.99836039
6.45000000 -0.00325544 0.99837654
6.46000000 -0.00322329 0.99839253
6.47000000 -0.00319146 0.99840836
6.48000000 -0.00315994 0.99842404
6.49000000 -0.00312873 0.99843957
6.50000000 -0.00309783 0.99845494
6.51000000 -0.00306723 0.99847016
6.52000000 -0.00303694 0.99848524
6.53000000 -0.00300694 0.99850016
6.54000000 -0.00297724 0.99851494
6.55000000 -0.00294783 0.99852958
6.56000000 -0.00291871 0.99854407
6.57000000 -0.00288988 0.99855842
6.58000000 -0.00286133 0.99857262
6.59000000 -0.00283307 0.99858669
6.60000000 -0.00280508 0.99860062
6.61000000 -0.00277737 0.99861442
6.62000000 -0.00274993 0.99862807
6.63000000 -0.00272276 0.99864160
6.64000000 -0.00269586 0.99865499
6.65000000 -0.00266923 0.99866825
6.66000000 -0.00264285 0.99868138
6.67000000 -0.00261674 0.99869438
6.68000000 -0.00259089 0.99870726
6.69000000 -0.00256529 0.99872000
6.70000000 -0.00253994 0.99873262
6.71000000 -0.00251484 0.99874512
6.72000000 -0.00248999 0.99875750
6.73000000 -0.00246539 0.99876975
6.74000000 -0.00244102 0.99878188
6.75000000 -0.00241690 0.99879390
6.76000000 -0.00239302 0.99880579
6.77000000 -0.00236937 0.99881757
6.78000000 -0.00234595 0.99882924
6.79000000 -0.00232277 0.99884079
6.80000000 -0.00229981 0.99885222
6.81000000 -0.00227709 0.99886354
6.82000000 -0.00225458 0.99887476
6.83000000 -0.00223230 0.99888586
6.84000000 -0.00221023 0.99889685
6.85000000 -0.00218839 0.99890773
6.86000000 -0.00216676 0.99891851
6.87000000 -0.00214534 0.99892918
6.88000000 -0.00212414 0.99893975
6.89000000 -0.00210314 0.99895021
6.90000000 -0.00208235 0.99896057
6.91000000 -0.00206177 0.99897083
6.92000000 -0.00204139 0.99898098
6.93000000 -0.00202121 0.99899104
6.94000000 -0.00200123 0.99900100
6.95000000 -0.00198145 0.99901086
6.96000000 -0.00196186 0.99902062
6.97000000 -0.00194247 0.99903029
6.98000000 -0.00192326 0.99903986
6.99000000 -0.00190425 0.99904934
7.00000000 -0.00188542 0.99905872
7.01000000 -0.00186678 0.99906801
7.02000000 -0.00184833 0.99907721
7.03000000 -0.00183006 0.99908632
7.04000000 -0.00181196 0.99909534
7.05000000 -0.00179405 0.99910427
7.06000000 -0.00177631 0.99911312
7.07000000 -0.00175875 0.99912187
7.08000000 -0.00174136 0.99913054
7.09000000 -0.00172414 0.99913913
7.10000000 -0.00170709 0.99914763
7.11000000 -0.00169021 0.99915604
7.12000000 -0.00167350 0.99916438
7.13000000 -0.00165695 0.99917263
7.14000000 -0.00164057 0.99918080
7.15000000 -0.00162435 0.99918889
7.16000000 -0.00160829 0.99919690
7.17000000 -0.00159238 0.99920483
7.18000000 -0.00157664 0.99921268
7.19000000 -0.00156105 0.99922046
7.20000000 -0.00154561 0.99922816
7.21000000 -0.00153032 0.99923578
7.22000000 -0.00151519 0.99924333
7.23000000 -0.00150021 0.99925080
7.24000000 -0.00148537 0.99925820
7.25000000 -0.00147068 0.99926553
7.26000000 -0.00145614 0.99927279
7.27000000 -0.00144174 0.99927997
7.28000000 -0.00142748 0.99928708
7.29000000 -0.00141336 0.99929413
7.30000000 -0.00139938 0.99930110
7.31000000 -0.00138554 0.99930800
7.32000000 -0.00137184 0.99931484
7.33000000 -0.00135827 0.99932161
7.34000000 -0.00134484 0.99932831
7.35000000 -0.00133154 0.99933495
7.36000000 -0.00131837 0.99934152
7.37000000 -0.00130533 0.99934802
7.38000000 -0.00129242 0.99935447
7.39000000 -0.00127963 0.99936084
7.40000000 -0.00126698 0.99936716
7.41000000 -0.00125445 0.99937341
7.42000000 -0.00124204 0.99937960
7.43000000 -0.00122975 0.99938573
7.44000000 -0.00121759 0.99939180
7.45000000 -0.00120555 0.99939781
7.46000000 -0.00119362 0.99940377
7.47000000 -0.00118181 0.99940966
7.48000000 -0.00117012 0.99941549
7.49000000 -0.00115855 0.99942127
7.50000000 -0.00114709 0.99942699
7.51000000 -0.00113574 0.99943265
7.52000000 -0.00112451 0.99943826
7.53000000 -0.00111338 0.99944381
7.54000000 -0.00110237 0.99944931
7.55000000 -0.00109146 0.99945475
7.56000000 -0.00108067 0.99946014
7.57000000 -0.00106998 0.99946547
7.58000000 -0.00105939 0.99947076
7.59000000 -0.00104891 0.99947599
7.60000000 -0.00103853 0.99948117
7.61000000 -0.00102826 0.99948630
7.62000000 -0.00101809 0.99949138
7.63000000 -0.00100802 0.99949640
7.64000000 -0.00099804 0.99950138
7.65000000 -0.00098817 0.99950631
7.66000000 -0.00097839 0.99951119
7.67000000 -0.00096871 0.99951602
7.68000000 -0.00095913 0.99952081
7.69000000 -0.00094964 0.99952554
7.70000000 -0.00094025 0.99953024
7.71000000 -0.00093094 0.99953488
7.72000000 -0.00092173 0.99953948
7.73000000 -0.00091261 0.99954403
7.74000000 -0.00090358 0.99954854
7.75000000 -0.00089464 0.99955300
7.76000000 -0.00088579 0.99955742
7.77000000 -0.00087703 0.99956180
7.78000000 -0.00086835 0.99956613
7.79000000 -0.00085976 0.99957042
7.80000000 -0.00085125 0.99957467
7.81000000 -0.00084283 0.99957887
7.82000000 -0.00083449 0.99958304
7.83000000 -0.00082623 0.99958716
7.84000000 -0.00081806 0.99959124
7.85000000 -0.00080997 0.99959528
7.86000000 -0.00080195 0.99959929
7.87000000 -0.00079402 0.99960325
7.88000000 -0.00078616 0.99960717
7.89000000 -0.00077838 0.99961106
7.90000000 -0.00077068 0.99961490
7.91000000 -0.00076305 0.99961871
7.92000000 -0.00075550 0.99962248
7.93000000 -0.00074803 0.99962621
7.94000000 -0.00074062 0.99962991
7.95000000 -0.00073330 0.99963357
7.96000000 -0.00072604 0.99963719
7.97000000 -0.00071886 0.99964078
7.98000000 -0.00071174 0.99964433
7.99000000 -0.00070470 0.99964785
8.00000000 -0.00069773 0.99965133
8.01000000 -0.00069082 0.99965478
8.02000000 -0.00068399 0.99965820
8.03000000 -0.00067722 0.99966158
8.04000000 -0.00067052 0.99966492
8.05000000 -0.00066388 0.99966824
8.06000000 -0.00065731 0.99967152
8.07000000 -0.00065081 0.99967477
8.08000000 -0.00064437 0.99967799
8.09000000 -0.00063799 0.99968117
8.10000000 -0.00063168 0.99968432
8.11000000 -0.00062542 0.99968745
8.12000000 -0.00061924 0.99969054
8.13000000 -0.00061311 0.99969360
8.14000000 -0.00060704 0.99969663
8.15000000 -0.00060103 0.99969963
8.16000000 -0.00059508 0.99970260
8.17000000 -0.00058920 0.99970554
8.18000000 -0.00058336 0.99970846
8.19000000 -0.00057759 0.99971134
8.20000000 -0.00057188 0.99971420
8.21000000 -0.00056622 0.99971702
8.22000000 -0.00056061 0.99971982
8.23000000 -0.00055506 0.99972259
8.24000000 -0.00054957 0.99972534
8.25000000 -0.00054413 0.99972805
8.26000000 -0.00053875 0.99973074
8.27000000 -0.00053342 0.99973341
8.28000000 -0.00052814 0.99973605
8.29000000 -0.00052291 0.99973866
8.30000000 -0.00051773 0.99974124
8.31000000 -0.00051261 0.99974380
8.32000000 -0.00050754 0.99974634
8.33000000 -0.00050251 0.99974885
8.34000000 -0.00049754 0.99975133
8.35000000 -0.00049262 0.99975379
8.36000000 -0.00048774 0.99975623
8.37000000 -0.00048291 0.99975864
8.38000000 -0.00047813 0.99976103
8.39000000 -0.00047340 0.99976339
8.40000000 -0.00046872 0.99976573
8.41000000 -0.00046408 0.99976805
8.42000000 -0.00045948 0.99977034
8.43000000 -0.00045494 0.99977262
8.44000000 -0.00045043 0.99977487
8.45000000 -0.00044598 0.99977709
8.46000000 -0.00044156 0.99977930
8.47000000 -0.00043719 0.99978148
8.48000000 -0.00043286 0.99978364
8.49000000 -0.00042858 0.99978578
8.50000000 -0.00042434 0.99978790
8.51000000 -0.00042014 0.99979000
8.52000000 -0.00041598 0.99979208
8.53000000 -0.00041186 0.99979414
8.54000000 -0.00040779 0.99979617
8.55000000 -0.00040375 0.99979819
8.56000000 -0.00039975 0.99980019
8.57000000 -0.00039580 0.99980217
8.58000000 -0.00039188 0.99980412
8.59000000 -0.00038800 0.99980606
8.60000000 -0.00038416 0.99980798
8.61000000 -0.00038036 0.99980988
8.62000000 -0.00037659 0.99981176
8.63000000 -0.00037287 0.99981362
8.64000000 -0.00036917 0.99981547
8.65000000 -0.00036552 0.99981729
8.66000000 -0.00036190 0.99981910
8.67000000 -0.00035832 0.99982089
8.68000000 -0.00035477 0.99982266
8.69000000 -0.00035126 0.99982442
8.70000000 -0.00034779 0.99982616
8.71000000 -0.00034434 0.99982788
8.72000000 -0.00034093 0.99982958
8.73000000 -0.00033756 0.99983127
8.74000000 -0.00033422 0.99983294
8.75000000 -0.00033091 0.99983459
8.76000000 -0.00032763 0.99983623
8.77000000 -0.00032439 0.99983785
8.78000000 -0.00032118 0.99983945
8.79000000 -0.00031800 0.99984104
8.80000000 -0.00031485 0.99984261
8.81000000 -0.00031174 0.99984417
8.82000000 -0.00030865 0.99984571
8.83000000 -0.00030560 0.99984724
8.84000000 -0.00030257 0.99984875
8.85000000 -0.00029958 0.99985025
8.86000000 -0.00029661 0.99985173
8.87000000 -0.00029368 0.99985320
8.88000000 -0.00029077 0.99985465
8.89000000 -0.00028789 0.99985609
8.90000000 -0.00028504 0.99985751
8.91000000 -0.00028222 0.99985892
8.92000000 -0.00027942 0.99986032
8.93000000 -0.00027666 0.99986170
8.94000000 -0.00027392 0.99986307
8.95000000 -0.00027121 0.99986443
8.96000000 -0.00026852 0.99986577
8.97000000 -0.00026587 0.99986710
8.98000000 -0.00026323 0.99986841
8.99000000 -0.00026063 0.99986971
9.00000000 -0.00025805 0.99987100
9.01000000 -0.00025549 0.99987228
9.02000000 -0.00025297 0.99987354
9.03000000 -0.00025046 0.99987480
9.04000000 -0.00024798 0.99987603
9.05000000 -0.00024553 0.99987726
9.06000000 -0.00024310 0.99987848
9.07000000 -0.00024069 0.99987968
9.08000000 -0.00023831 0.99988087
9.09000000 -0.00023595 0.99988205
9.10000000 -0.00023361 0.99988322
9.11000000 -0.00023130 0.99988437
9.12000000 -0.00022901 0.99988552
9.13000000 -0.00022674 0.99988665
9.14000000 -0.00022450 0.99988777
9.15000000 -0.00022228 0.99988888
9.16000000 -0.00022008 0.99988998
9.17000000 -0.00021790 0.99989107
9.18000000 -0.00021574 0.99989215
9.19000000 -0.00021360 0.99989322
9.20000000 -0.00021149 0.99989427
9.21000000 -0.00020940 0.99989532
9.22000000 -0.00020732 0.99989636
9.23000000 -0.00020527 0.99989738
9.24000000 -0.00020324 0.99989840
9.25000000 -0.00020123 0.99989940
9.26000000 -0.00019924 0.99990040
9.27000000 -0.00019726 0.99990138
9.28000000 -0.00019531 0.99990236
9.29000000 -0.00019338 0.99990333
9.30000000 -0.00019146 0.99990428
9.31000000 -0.00018957 0.99990523
9.32000000 -0.00018769 0.99990617
9.33000000 -0.00018583 0.99990710
9.34000000 -0.00018399 0.99990802
9.35000000 -0.00018217 0.99990893
9.36000000 -0.00018037 0.99990983
9.37000000 -0.00017858 0.99991072
9.38000000 -0.00017681 0.99991161
9.39000000 -0.00017506 0.99991248
9.40000000 -0.00017333 0.99991335
9.41000000 -0.00017162 0.99991420
9.42000000 -0.00016992 0.99991505
9.43000000 -0.00016823 0.99991589
9.44000000 -0.00016657 0.99991673
9.45000000 -0.00016492 0.99991755
9.46000000 -0.00016329 0.99991837
9.47000000 -0.00016167 0.99991918
9.48000000 -0.00016007 0.99991998
9.49000000 -0.00015849 0.99992077
9.50000000 -0.00015692 0.99992155
9.51000000 -0.00015536 0.99992233
9.52000000 -0.00015383 0.99992310
9.53000000 -0.00015230 0.99992386
9.54000000 -0.00015079 0.99992461
9.55000000 -0.00014930 0.99992536
9.56000000 -0.00014782 0.99992610
9.57000000 -0.00014636 0.99992683
9.58000000 -0.00014491 0.99992755
9.59000000 -0.00014348 0.99992827
9.60000000 -0.00014206 0.99992898
9.61000000 -0.00014065 0.99992968
9.62000000 -0.00013926 0.99993038
9.63000000 -0.00013788 0.99993107
9.64000000 -0.00013651 0.99993175
9.65000000 -0.00013516 0.99993243
9.66000000 -0.00013382 0.99993310
9.67000000 -0.00013250 0.99993376
9.68000000 -0.00013119 0.99993441
9.69000000 -0.00012989 0.99993506
9.70000000 -0.00012860 0.99993571
9.71000000 -0.00012733 0.99993634
9.72000000 -0.00012607 0.99993697
9.73000000 -0.00012482 0.99993760
9.74000000 -0.00012359 0.99993821
9.75000000 -0.00012236 0.99993883
9.76000000 -0.00012115 0.99993943
9.77000000 -0.00011995 0.99994003
9.78000000 -0.00011876 0.99994062
9.79000000 -0.00011759 0.99994121
9.80000000 -0.00011642 0.99994179
9.81000000 -0.00011527 0.99994237
9.82000000 -0.00011413 0.99994294
9.83000000 -0.00011300 0.99994351
9.84000000 -0.00011188 0.99994406
9.85000000 -0.00011077 0.99994462
9.86000000 -0.00010968 0.99994517
9.87000000 -0.00010859 0.99994571
9.88000000 -0.00010752 0.99994625
9.89000000 -0.00010645 0.99994678
9.90000000 -0.00010540 0.99994731
9.91000000 -0.00010435 0.99994783
9.92000000 -0.00010332 0.99994834
9.93000000 -0.00010230 0.99994886
9.94000000 -0.00010129 0.99994936
9.95000000 -0.00010028 0.99994986
9.96000000 -0.00009929 0.99995036
9.97000000 -0.00009831 0.99995085
9.98000000 -0.00009733 0.99995134
9.99000000 -0.00009637 0.99995182
10.00000000 -0.00009542 0.99995230
