0.00000000 1.00000000 3.00000000 1.00000000 3.00000000
1.00000000 0.25000000 1.62500000 3.06471526 0.77943593
2.00000000 0.05208333 1.19270833 2.31174544 -2.15773794
3.00000000 0.00564236 1.05837674 -0.56663247 -3.11109750
4.00000000 -0.00251374 1.01726165 -2.92405111 -1.20412837
5.00000000 -0.00248586 1.00492991 -2.59311064 1.80991083
6.00000000 -0.00144660 1.00133431 0.12192379 3.15992636
7.00000000 -0.00071394 1.00032890 2.72486205 1.60472016
8.00000000 -0.00032488 1.00006618 2.82257471 -1.42585835
9.00000000 -0.00014088 1.00000577 0.32522519 -3.14550927
10.00000000 -0.00005918 0.99999581 -2.47113486 -1.97319348
