0.00000000 1.00000000 3.00000000
0.01000000 0.96049456 2.95054431
0.02000000 0.92196745 2.90216596
0.03000000 0.88439737 2.85484266
0.04000000 0.84776342 2.80855253
0.05000000 0.81204515 2.76327418
0.06000000 0.77722254 2.71898660
0.07000000 0.74327598 2.67566926
0.08000000 0.71018627 2.63330200
0.09000000 0.67793460 2.59186510
0.10000000 0.64650256 2.55133922
0.11000000 0.61587211 2.51170542
0.12000000 0.58602560 2.47294515
0.13000000 0.55694575 2.43504023
0.14000000 0.52861562 2.39797284
0.15000000 0.50101864 2.36172554
0.16000000 0.47413857 2.32628122
0.17000000 0.44795952 2.29162315
0.18000000 0.42246594 2.25773490
0.19000000 0.39764259 2.22460041
0.20000000 0.37347455 2.19220394
0.21000000 0.34994721 2.16053003
0.22000000 0.32704627 2.12956360
0.23000000 0.30475774 2.09928982
0.24000000 0.28306790 2.06969418
0.25000000 0.26196333 2.04076249
0.26000000 0.24143090 2.01248081
0.27000000 0.22145773 1.98483551
0.28000000 0.20203125 1.95781322
0.29000000 0.18313911 1.93140086
0.30000000 0.16476924 1.90558561
0.31000000 0.14690984 1.88035490
0.32000000 0.12954932 1.85569642
0.33000000 0.11267638 1.83159813
0.34000000 0.09627991 1.80804822
0.35000000 0.08034908 1.78503511
0.36000000 0.06487325 1.76254749
0.37000000 0.04984204 1.74057424
0.38000000 0.03524525 1.71910449
0.39000000 0.02107293 1.69812760
0.40000000 0.00731532 1.67763313
0.41000000 -0.00603712 1.65761086
0.42000000 -0.01899374 1.63805078
0.43000000 -0.03156367 1.61894309
0.44000000 -0.04375589 1.60027817
0.45000000 -0.05557913 1.58204663
0.46000000 -0.06704199 1.56423923
0.47000000 -0.07815286 1.54684697
0.48000000 -0.08891993 1.52986098
0.49000000 -0.09935127 1.51327262
0.50000000 -0.10945473 1.49707340
0.51000000 -0.11923802 1.48125501
0.52000000 -0.12870866 1.46580931
0.53000000 -0.13787403 1.45072834
0.54000000 -0.14674136 1.43600427
0.55000000 -0.15531770 1.42162947
0.56000000 -0.16360996 1.40759644
0.57000000 -0.17162490 1.39389785
0.58000000 -0.17936914 1.38052652
0.59000000 -0.18684916 1.36747540
0.60000000 -0.19407129 1.35473760
0.61000000 -0.20104173 1.34230637
0.62000000 -0.20776655 1.33017511
0.63000000 -0.21425167 1.31833733
0.64000000 -0.22050291 1.30678670
0.65000000 -0.22652595 1.29551700
0.66000000 -0.23232634 1.28452215
0.67000000 -0.23790952 1.27379620
0.68000000 -0.24328082 1.26333330
0.69000000 -0.24844543 1.25312776
0.70000000 -0.25340845 1.24317396
0.71000000 -0.25817485 1.23346644
0.72000000 -0.26274951 1.22399982
0.73000000 -0.26713720 1.21476886
0.74000000 -0.27134257 1.20576840
0.75000000 -0.27537019 1.19699341
0.76000000 -0.27922451 1.18843895
0.77000000 -0.28290991 1.18010019
0.78000000 -0.28643063 1.17197240
0.79000000 -0.28979087 1.16405094
0.80000000 -0.29299469 1.15633128
0.81000000 -0.29604609 1.14880897
0.82000000 -0.29894898 1.14147967
0.83000000 -0.30170716 1.13433911
0.84000000 -0.30432439 1.12738311
0.85000000 -0.30680429 1.12060761
0.86000000 -0.30915046 1.11400859
0.87000000 -0.31136636 1.10758215
0.88000000 -0.31345543 1.10132444
0.89000000 -0.31542099 1.09523172
0.90000000 -0.31726631 1.08930030
0.91000000 -0.31899458 1.08352659
0.92000000 -0.32060892 1.07790707
0.93000000 -0.32211237 1.07243828
0.94000000 -0.32350792 1.06711685
0.95000000 -0.32479848 1.06193948
0.96000000 -0.32598691 1.05690291
0.97000000 -0.32707598 1.05200400
0.98000000 -0.32806841 1.04723962
0.99000000 -0.32896688 1.04260675
1.00000000 -0.32977397 1.03810241
1.01000000 -0.33049223 1.03372368
1.02000000 -0.33112414 1.02946773
1.03000000 -0.33167214 1.02533176
1.04000000 -0.33213859 1.02131303
1.05000000 -0.33252581 1.01740888
1.06000000 -0.33283606 1.01361669
1.07000000 -0.33307157 1.00993389
1.08000000 -0.33323449 1.00635798
1.09000000 -0.33332693 1.00288651
1.10000000 -0.33335097 0.99951707
1.11000000 -0.33330861 0.99624730
1.12000000 -0.33320183 0.99307492
1.13000000 -0.33303256 0.98999766
1.14000000 -0.33280267 0.98701332
1.15000000 -0.33251400 0.98411974
1.16000000 -0.33216834 0.98131481
1.17000000 -0.33176746 0.97859646
1.18000000 -0.33131305 0.97596267
1.19000000 -0.33080679 0.97341146
1.20000000 -0.33025031 0.97094089
1.21000000 -0.32964521 0.96854906
1.22000000 -0.32899304 0.96623412
1.23000000 -0.32829533 0.96399425
1.24000000 -0.32755355 0.96182768
1.25000000 -0.32676915 0.95973266
1.26000000 -0.32594355 0.95770750
1.27000000 -0.32507813 0.95575052
1.28000000 -0.32417424 0.95386010
1.29000000 -0.32323319 0.95203464
1.30000000 -0.32225626 0.95027258
1.31000000 -0.32124471 0.94857240
1.32000000 -0.32019976 0.94693261
1.33000000 -0.31912260 0.94535173
1.34000000 -0.31801440 0.94382834
1.35000000 -0.31687630 0.94236105
1.36000000 -0.31570939 0.94094848
1.37000000 -0.31451477 0.93958929
1.38000000 -0.31329348 0.93828218
1.39000000 -0.31204656 0.93702586
1.40000000 -0.31077501 0.93581907
1.41000000 -0.30947981 0.93466060
1.42000000 -0.30816191 0.93354925
1.43000000 -0.30682224 0.93248383
1.44000000 -0.30546171 0.93146321
1.45000000 -0.30408120 0.93048625
1.46000000 -0.30268159 0.92955186
1.47000000 -0.30126369 0.92865897
1.48000000 -0.29982835 0.92780653
1.49000000 -0.29837635 0.92699351
1.50000000 -0.29690847 0.92621890
1.51000000 -0.29542548 0.92548172
1.52000000 -0.29392811 0.92478101
1.53000000 -0.29241708 0.92411583
1.54000000 -0.29089309 0.92348526
1.55000000 -0.28935682 0.92288841
1.56000000 -0.28780895 0.92232439
1.57000000 -0.28625012 0.92179234
1.58000000 -0.28468096 0.92129143
1.59000000 -0.28310208 0.92082083
1.60000000 -0.28151408 0.92037974
1.61000000 -0.27991756 0.91996738
1.62000000 -0.27831306 0.91958297
1.63000000 -0.27670115 0.91922577
1.64000000 -0.27508235 0.91889504
1.65000000 -0.27345721 0.91859006
1.66000000 -0.27182621 0.91831014
1.67000000 -0.27018985 0.91805459
1.68000000 -0.26854863 0.91782274
1.69000000 -0.26690299 0.91761393
1.70000000 -0.26525341 0.91742753
1.71000000 -0.26360031 0.91726290
1.72000000 -0.26194414 0.91711944
1.73000000 -0.26028530 0.91699656
1.74000000 -0.25862420 0.91689366
1.75000000 -0.25696124 0.91681017
1.76000000 -0.25529679 0.91674555
1.77000000 -0.25363124 0.91669923
1.78000000 -0.25196494 0.91667070
1.79000000 -0.25029824 0.91665944
1.80000000 -0.24863149 0.91666492
1.81000000 -0.24696500 0.91668667
1.82000000 -0.24529911 0.91672418
1.83000000 -0.24363412 0.91677700
1.84000000 -0.24197034 0.91684465
1.85000000 -0.24030805 0.91692669
1.86000000 -0.23864755 0.91702267
1.87000000 -0.23698909 0.91713217
1.88000000 -0.23533296 0.91725475
1.89000000 -0.23367941 0.91739002
1.90000000 -0.23202869 0.91753756
1.91000000 -0.23038103 0.91769700
1.92000000 -0.22873668 0.91786793
1.93000000 -0.22709586 0.91805000
1.94000000 -0.22545879 0.91824284
1.95000000 -0.22382568 0.91844608
1.96000000 -0.22219673 0.91865939
1.97000000 -0.22057215 0.91888241
1.98000000 -0.21895212 0.91911483
1.99000000 -0.21733684 0.91935632
2.00000000 -0.21572646 0.91960656
2.01000000 -0.21412118 0.91986525
2.02000000 -0.21252116 0.92013208
2.03000000 -0.21092654 0.92040675
2.04000000 -0.20933750 0.92068900
2.05000000 -0.20775418 0.92097853
2.06000000 -0.20617671 0.92127507
2.07000000 -0.20460525 0.92157836
2.08000000 -0.20303991 0.92188813
2.09000000 -0.20148084 0.92220415
2.10000000 -0.19992814 0.92252615
2.11000000 -0.19838194 0.92285390
2.12000000 -0.19684235 0.92318716
2.13000000 -0.19530948 0.92352571
2.14000000 -0.19378343 0.92386932
2.15000000 -0.19226430 0.92421777
2.16000000 -0.19075219 0.92457086
2.17000000 -0.18924718 0.92492837
2.18000000 -0.18774936 0.92529011
2.19000000 -0.18625882 0.92565588
2.20000000 -0.18477564 0.92602549
2.21000000 -0.18329988 0.92639875
2.22000000 -0.18183162 0.92677548
2.23000000 -0.18037093 0.92715550
2.24000000 -0.17891787 0.92753865
2.25000000 -0.17747251 0.92792474
2.26000000 -0.17603489 0.92831363
2.27000000 -0.17460508 0.92870515
2.28000000 -0.17318312 0.92909914
2.29000000 -0.17176907 0.92949546
2.30000000 -0.17036296 0.92989396
2.31000000 -0.16896485 0.93029450
2.32000000 -0.16757476 0.93069693
2.33000000 -0.16619274 0.93110112
2.34000000 -0.16481882 0.93150694
2.35000000 -0.16345303 0.93191426
2.36000000 -0.16209540 0.93232296
2.37000000 -0.16074596 0.93273292
2.38000000 -0.15940473 0.93314401
2.39000000 -0.15807173 0.93355612
2.40000000 -0.15674699 0.93396915
2.41000000 -0.15543051 0.93438298
2.42000000 -0.15412231 0.93479751
2.43000000 -0.15282241 0.93521264
2.44000000 -0.15153082 0.93562826
2.45000000 -0.15024755 0.93604428
2.46000000 -0.14897260 0.93646060
2.47000000 -0.14770598 0.93687714
2.48000000 -0.14644768 0.93729381
2.49000000 -0.14519773 0.93771052
2.50000000 -0.14395610 0.93812718
2.51000000 -0.14272281 0.93854373
2.52000000 -0.14149785 0.93896007
2.53000000 -0.14028121 0.93937613
2.54000000 -0.13907289 0.93979184
2.55000000 -0.13787288 0.94020712
2.56000000 -0.13668117 0.94062192
2.57000000 -0.13549775 0.94103615
2.58000000 -0.13432261 0.94144976
2.59000000 -0.13315574 0.94186268
2.60000000 -0.13199711 0.94227486
2.61000000 -0.13084672 0.94268622
2.62000000 -0.12970455 0.94309672
2.63000000 -0.12857058 0.94350630
2.64000000 -0.12744480 0.94391490
2.65000000 -0.12632717 0.94432248
2.66000000 -0.12521768 0.94472899
2.67000000 -0.12411632 0.94513437
2.68000000 -0.12302305 0.94553858
2.69000000 -0.12193785 0.94594157
2.70000000 -0.12086070 0.94634330
2.71000000 -0.11979157 0.94674374
2.72000000 -0.11873043 0.94714283
2.73000000 -0.11767727 0.94754054
2.74000000 -0.11663204 0.94793683
2.75000000 -0.11559473 0.94833167
2.76000000 -0.11456529 0.94872502
2.77000000 -0.11354371 0.94911685
2.78000000 -0.11252995 0.94950712
2.79000000 -0.11152398 0.94989581
2.80000000 -0.11052577 0.95028288
2.81000000 -0.10953528 0.95066830
2.82000000 -0.10855248 0.95105206
2.83000000 -0.10757734 0.95143412
2.84000000 -0.10660983 0.95181445
2.85000000 -0.10564990 0.95219304
2.86000000 -0.10469753 0.95256986
2.87000000 -0.10375268 0.95294489
2.88000000 -0.10281531 0.95331810
2.89000000 -0.10188539 0.95368949
2.90000000 -0.10096287 0.95405902
2.91000000 -0.10004773 0.95442668
2.92000000 -0.09913992 0.95479245
2.93000000 -0.09823941 0.95515633
2.94000000 -0.09734615 0.95551828
2.95000000 -0.09646012 0.95587830
2.96000000 -0.09558127 0.95623637
2.97000000 -0.09470956 0.95659249
2.98000000 -0.09384495 0.95694663
2.99000000 -0.09298740 0.95729878
3.00000000 -0.09213688 0.95764895
3.01000000 -0.09129334 0.95799710
3.02000000 -0.09045674 0.95834325
3.03000000 -0.08962705 0.95868737
3.04000000 -0.08880422 0.95902946
3.05000000 -0.08798821 0.95936951
3.06000000 -0.08717898 0.95970752
3.07000000 -0.08637649 0.96004348
3.08000000 -0.08558070 0.96037738
3.09000000 -0.08479156 0.96070922
3.10000000 -0.08400904 0.96103900
3.11000000 -0.08323310 0.96136670
3.12000000 -0.08246369 0.96169233
3.13000000 -0.08170077 0.96201588
3.14000000 -0.08094431 0.96233736
3.15000000 -0.08019425 0.96265676
3.16000000 -0.07945055 0.96297407
3.17000000 -0.07871319 0.96328930
3.18000000 -0.07798211 0.96360245
3.19000000 -0.07725727 0.96391351
3.20000000 -0.07653863 0.96422249
3.21000000 -0.07582614 0.96452939
3.22000000 -0.07511978 0.96483421
3.23000000 -0.07441949 0.96513694
3.24000000 -0.07372524 0.96543760
3.25000000 -0.07303698 0.96573618
3.26000000 -0.07235466 0.96603269
3.27000000 -0.07167826 0.96632713
3.28000000 -0.07100773 0.96661950
3.29000000 -0.07034302 0.96690981
3.30000000 -0.06968410 0.96719805
3.31000000 -0.06903092 0.96748424
3.32000000 -0.06838345 0.96776838
3.33000000 -0.06774164 0.96805047
3.34000000 -0.06710545 0.96833052
3.35000000 -0.06647484 0.96860854
3.36000000 -0.06584977 0.96888452
3.37000000 -0.06523020 0.96915847
3.38000000 -0.06461609 0.96943041
3.39000000 -0.06400739 0.96970033
3.40000000 -0.06340408 0.96996824
3.41000000 -0.06280610 0.97023416
3.42000000 -0.06221343 0.97049808
3.43000000 -0.06162601 0.97076001
3.44000000 -0.06104381 0.97101996
3.45000000 -0.06046679 0.97127794
3.46000000 -0.05989491 0.97153395
3.47000000 -0.05932812 0.97178801
3.48000000 -0.05876641 0.97204011
3.49000000 -0.05820971 0.97229028
3.50000000 -0.05765800 0.97253850
3.51000000 -0.05711123 0.97278481
3.52000000 -0.05656937 0.97302920
3.53000000 -0.05603238 0.97327167
3.54000000 -0.05550022 0.97351225
3.55000000 -0.05497285 0.97375094
3.56000000 -0.05445024 0.97398774
3.57000000 -0.05393234 0.97422267
3.58000000 -0.05341913 0.97445574
3.59000000 -0.05291055 0.97468695
3.60000000 -0.05240659 0.97491632
3.61000000 -0.05190719 0.97514385
3.62000000 -0.05141232 0.97536955
3.63000000 -0.05092195 0.97559343
3.64000000 -0.05043604 0.97581551
3.65000000 -0.04995455 0.97603578
3.66000000 -0.04947745 0.97625427
3.67000000 -0.04900471 0.97647098
3.68000000 -0.04853628 0.97668593
3.69000000 -0.04807213 0.97689911
3.70000000 -0.04761222 0.97711054
3.71000000 -0.04715653 0.97732024
3.72000000 -0.04670501 0.97752820
3.73000000 -0.04625764 0.97773445
3.74000000 -0.04581438 0.97793899
3.75000000 -0.04537518 0.97814183
3.76000000 -0.04494003 0.97834298
3.77000000 -0.04450889 0.97854245
3.78000000 -0.04408171 0.97874026
3.79000000 -0.04365848 0.97893641
3.80000000 -0.04323915 0.97913091
3.81000000 -0.04282370 0.97932378
3.82000000 -0.04241209 0.97951502
3.83000000 -0.04200428 0.97970464
3.84000000 -0.04160026 0.97989266
3.85000000 -0.04119997 0.98007908
3.86000000 -0.04080340 0.98026392
3.87000000 -0.04041052 0.98044718
3.88000000 -0.04002128 0.98062888
3.89000000 -0.03963566 0.98080903
3.90000000 -0.03925362 0.98098763
3.91000000 -0.03887515 0.98116470
3.92000000 -0.03850019 0.98134025
3.93000000 -0.03812874 0.98151429
3.94000000 -0.03776075 0.98168682
3.95000000 -0.03739620 0.98185787
3.96000000 -0.03703505 0.98202743
3.97000000 -0.03667728 0.98219553
3.98000000 -0.03632286 0.98236216
3.99000000 -0.03597175 0.98252735
4.00000000 -0.03562394 0.98269109
4.01000000 -0.03527938 0.98285341
4.02000000 -0.03493806 0.98301430
4.03000000 -0.03459994 0.98317379
4.04000000 -0.03426500 0.98333188
4.05000000 -0.03393320 0.98348858
4.06000000 -0.03360453 0.98364391
4.07000000 -0.03327894 0.98379786
4.08000000 -0.03295643 0.98395046
4.09000000 -0.03263695 0.98410171
4.10000000 -0.03232048 0.98425163
4.11000000 -0.03200700 0.98440021
4.12000000 -0.03169648 0.98454748
4.13000000 -0.03138889 0.98469344
4.14000000 -0.03108420 0.98483810
4.15000000 -0.03078240 0.98498147
4.16000000 -0.03048345 0.98512357
4.17000000 -0.03018733 0.98526439
4.18000000 -0.02989401 0.98540396
4.19000000 -0.02960347 0.98554228
4.20000000 -0.02931569 0.98567936
4.21000000 -0.02903064 0.98581521
4.22000000 -0.02874829 0.98594984
4.23000000 -0.02846862 0.98608326
4.24000000 -0.02819161 0.98621548
4.25000000 -0.02791723 0.98634650
4.26000000 -0.02764545 0.98647635
4.27000000 -0.02737627 0.98660502
4.28000000 -0.02710964 0.98673253
4.29000000 -0.02684556 0.98685888
4.30000000 -0.02658399 0.98698409
4.31000000 -0.02632491 0.98710816
4.32000000 -0.02606830 0.98723110
4.33000000 -0.02581414 0.98735293
4.34000000 -0.02556241 0.98747365
4.35000000 -0.02531308 0.98759327
4.36000000 -0.02506613 0.98771180
4.37000000 -0.02482154 0.98782924
4.38000000 -0.02457929 0.98794561
4.39000000 -0.02433935 0.98806092
4.40000000 -0.02410171 0.98817518
4.41000000 -0.02386635 0.98828838
4.42000000 -0.02363324 0.98840055
4.43000000 -0.02340236 0.98851169
4.44000000 -0.02317370 0.98862181
4.45000000 -0.02294722 0.98873091
4.46000000 -0.02272292 0.98883901
4.47000000 -0.02250077 0.98894612
4.48000000 -0.02228076 0.98905223
4.49000000 -0.02206285 0.98915737
4.50000000 -0.02184704 0.98926154
4.51000000 -0.02163330 0.98936474
4.52000000 -0.02142162 0.98946699
4.53000000 -0.02121197 0.98956829
4.54000000 -0.02100434 0.98966866
4.55000000 -0.02079871 0.98976809
4.56000000 -0.02059506 0.98986660
4.57000000 -0.02039337 0.98996420
4.58000000 -0.02019362 0.99006089
4.59000000 -0.01999579 0.99015668
4.60000000 -0.01979988 0.99025157
4.61000000 -0.01960585 0.99034559
4.62000000 -0.01941369 0.99043873
4.63000000 -0.01922339 0.99053100
4.64000000 -0.01903492 0.99062240
4.65000000 -0.01884828 0.99071296
4.66000000 -0.01866343 0.99080266
4.67000000 -0.01848037 0.99089153
4.68000000 -0.01829908 0.99097957
4.69000000 -0.01811955 0.99106678
4.70000000 -0.01794175 0.99115317
4.71000000 -0.01776567 0.99123876
4.72000000 -0.01759129 0.99132354
4.73000000 -0.01741860 0.99140752
4.74000000 -0.01724758 0.99149072
4.75000000 -0.01707822 0.99157313
4.76000000 -0.01691050 0.99165477
4.77000000 -0.01674440 0.99173564
4.78000000 -0.01657992 0.99181575
4.79000000 -0.01641703 0.99189510
4.80000000 -0.01625571 0.99197370
4.81000000 -0.01609597 0.99205157
4.82000000 -0.01593777 0.99212869
4.83000000 -0.01578111 0.99220509
4.84000000 -0.01562597 0.99228077
4.85000000 -0.01547233 0.99235573
4.86000000 -0.01532019 0.99242998
4.87000000 -0.01516952 0.99250353
4.88000000 -0.01502032 0.99257638
4.89000000 -0.01487257 0.99264854
4.90000000 -0.01472626 0.99272002
4.91000000 -0.01458137 0.99279082
4.92000000 -0.01443788 0.99286095
4.93000000 -0.01429580 0.99293041
4.94000000 -0.01415509 0.99299921
4.95000000 -0.01401576 0.99306736
4.96000000 -0.01387778 0.99313486
4.97000000 -0.01374115 0.99320171
4.98000000 -0.01360584 0.99326793
4.99000000 -0.01347186 0.99333352
5.00000000 -0.01333918 0.99339849
5.01000000 -0.01320779 0.99346283
5.02000000 -0.01307769 0.99352657
5.03000000 -0.01294885 0.99358969
5.04000000 -0.01282127 0.99365221
5.05000000 -0.01269493 0.99371413
5.06000000 -0.01256983 0.99377547
5.07000000 -0.01244594 0.99383621
5.08000000 -0.01232327 0.99389638
5.09000000 -0.01220179 0.99395597
5.10000000 -0.01208150 0.99401499
5.11000000 -0.01196239 0.99407344
5.12000000 -0.01184443 0.99413133
5.13000000 -0.01172763 0.99418867
5.14000000 -0.01161198 0.99424546
5.15000000 -0.01149745 0.99430171
5.16000000 -0.01138404 0.99435741
5.17000000 -0.01127174 0.99441259
5.18000000 -0.01116054 0.99446723
5.19000000 -0.01105042 0.99452134
5.20000000 -0.01094138 0.99457494
5.21000000 -0.01083341 0.99462802
5.22000000 -0.01072650 0.99468059
5.23000000 -0.01062063 0.99473266
5.24000000 -0.01051580 0.99478422
5.25000000 -0.01041200 0.99483529
5.26000000 -0.01030921 0.99488587
5.27000000 -0.01020743 0.99493596
5.28000000 -0.01010664 0.99498556
5.29000000 -0.01000684 0.99503469
5.30000000 -0.00990803 0.99508335
5.31000000 -0.00981017 0.99513153
5.32000000 -0.00971328 0.99517925
5.33000000 -0.00961734 0.99522652
5.34000000 -0.00952234 0.99527332
5.35000000 -0.00942827 0.99531967
5.36000000 -0.00933512 0.99536558
5.37000000 -0.00924289 0.99541104
5.38000000 -0.00915156 0.99545606
5.39000000 -0.00906112 0.99550064
5.40000000 -0.00897158 0.99554480
5.41000000 -0.00888291 0.99558853
5.42000000 -0.00879512 0.99563183
5.43000000 -0.00870818 0.99567472
5.44000000 -0.00862210 0.99571719
5.45000000 -0.00853686 0.99575925
5.46000000 -0.00845247 0.99580090
5.47000000 -0.00836890 0.99584214
5.48000000 -0.00828615 0.99588299
5.49000000 -0.00820421 0.99592344
5.50000000 -0.00812308 0.99596350
5.51000000 -0.00804275 0.99600317
5.52000000 -0.00796320 0.99604246
5.53000000 -0.00788444 0.99608136
5.54000000 -0.00780646 0.99611989
5.55000000 -0.00772923 0.99615804
5.56000000 -0.00765277 0.99619582
5.57000000 -0.00757706 0.99623324
5.58000000 -0.00750210 0.99627029
5.59000000 -0.00742787 0.99630698
5.60000000 -0.00735438 0.99634332
5.61000000 -0.00728160 0.99637930
5.62000000 -0.00720954 0.99641493
5.63000000 -0.00713819 0.99645021
5.64000000 -0.00706755 0.99648515
5.65000000 -0.00699760 0.99651975
5.66000000 -0.00692834 0.99655402
5.67000000 -0.00685975 0.99658795
5.68000000 -0.00679185 0.99662155
5.69000000 -0.00672461 0.99665482
5.70000000 -0.00665804 0.99668777
5.71000000 -0.00659212 0.99672039
5.72000000 -0.00652685 0.99675270
5.73000000 -0.00646223 0.99678470
5.74000000 -0.00639824 0.99681638
5.75000000 -0.00633488 0.99684775
5.76000000 -0.00627214 0.99687882
5.77000000 -0.00621003 0.99690958
5.78000000 -0.00614852 0.99694004
5.79000000 -0.00608763 0.99697021
5.80000000 -0.00602733 0.99700008
5.81000000 -0.00596763 0.99702966
5.82000000 -0.00590851 0.99705895
5.83000000 -0.00584998 0.99708795
5.84000000 -0.00579203 0.99711667
5.85000000 -0.00573465 0.99714511
5.86000000 -0.00567783 0.99717327
5.87000000 -0.00562157 0.99720116
5.88000000 -0.00556587 0.99722877
5.89000000 -0.00551072 0.99725612
5.90000000 -0.00545612 0.99728319
5.91000000 -0.00540205 0.99731001
5.92000000 -0.00534851 0.99733655
5.93000000 -0.00529551 0.99736284
5.94000000 -0.00524302 0.99738888
5.95000000 -0.00519106 0.99741465
5.96000000 -0.00513961 0.99744018
5.97000000 -0.00508866 0.99746545
5.98000000 -0.00503822 0.99749048
5.99000000 -0.00498828 0.99751526
6.00000000 -0.00493883 0.99753980
6.01000000 -0.00488987 0.99756410
6.02000000 -0.00484139 0.99758816
6.03000000 -0.00479339 0.99761198
6.04000000 -0.00474587 0.99763557
6.05000000 -0.00469881 0.99765893
6.06000000 -0.00465222 0.99768206
6.07000000 -0.00460609 0.99770496
6.08000000 -0.00456042 0.99772764
6.09000000 -0.00451520 0.99775010
6.10000000 -0.00447042 0.99777233
6.11000000 -0.00442609 0.99779435
6.12000000 -0.00438219 0.99781615
6.13000000 -0.00433873 0.99783774
6.14000000 -0.00429570 0.99785911
6.15000000 -0.00425310 0.99788028
6.16000000 -0.00421091 0.99790123
6.17000000 -0.00416914 0.99792199
6.18000000 -0.00412779 0.99794253
6.19000000 -0.00408684 0.99796288
6.20000000 -0.00404630 0.99798302
6.21000000 -0.00400616 0.99800297
6.22000000 -0.00396642 0.99802272
6.23000000 -0.00392707 0.99804228
6.24000000 -0.00388811 0.99806165
6.25000000 -0.00384953 0.99808082
6.26000000 -0.00381134 0.99809981
6.27000000 -0.00377352 0.99811861
6.28000000 -0.00373608 0.99813722
6.29000000 -0.00369901 0.99815565
6.30000000 -0.00366230 0.99817390
6.31000000 -0.00362596 0.99819197
6.32000000 -0.00358998 0.99820987
6.33000000 -0.00355436 0.99822758
6.34000000 -0.00351908 0.99824513
6.35000000 -0.00348416 0.99826249
6.36000000 -0.00344958 0.99827969
6.37000000 -0.00341535 0.99829672
6.38000000 -0.00338145 0.99831358
6.39000000 -0.00334789 0.99833028
6.40000000 -0.00331466 0.99834681
6.41000000 -0.00328176 0.99836318
6.42000000 -0.00324918 0.99837939
6.43000000 -0.00321693 0.99839543
6.44000000 -0.00318500 0.99841132
6.45000000 -0.00315338 0.99842705
6.46000000 -0.00312208 0.99844263
6.47000000 -0.00309109 0.99845805
6.48000000 -0.00306040 0.99847333
6.49000000 -0.00303002 0.99848845
6.50000000 -0.00299994 0.99850342
6.51000000 -0.00297015 0.99851824
6.52000000 -0.00294067 0.99853292
6.53000000 -0.00291147 0.99854746
6.54000000 -0.00288256 0.99856185
6.55000000 -0.00285394 0.99857610
6.56000000 -0.00282561 0.99859020
6.57000000 -0.00279755 0.99860417
6.58000000 -0.00276977 0.99861800
6.59000000 -0.00274227 0.99863170
6.60000000 -0.00271504 0.99864526
6.61000000 -0.00268808 0.99865868
6.62000000 -0.00266138 0.99867197
6.63000000 -0.00263495 0.99868514
6.64000000 -0.00260879 0.99869817
6.65000000 -0.00258288 0.99871107
6.66000000 -0.00255723 0.99872385
6.67000000 -0.00253183 0.99873650
6.68000000 -0.00250669 0.99874902
6.69000000 -0.00248179 0.99876142
6.70000000 -0.00245714 0.99877370
6.71000000 -0.00243274 0.99878586
6.72000000 -0.00240858 0.99879789
6.73000000 -0.00238465 0.99880981
6.74000000 -0.00236097 0.99882161
6.75000000 -0.00233752 0.99883330
6.76000000 -0.00231430 0.99884487
6.77000000 -0.00229131 0.99885632
6.78000000 -0.00226855 0.99886766
6.79000000 -0.00224602 0.99887889
6.80000000 -0.00222370 0.99889001
6.81000000 -0.00220161 0.99890102
6.82000000 -0.00217974 0.99891192
6.83000000 -0.00215809 0.99892271
6.84000000 -0.00213665 0.99893339
6.85000000 -0.00211542 0.99894397
6.86000000 -0.00209441 0.99895445
6.87000000 -0.00207360 0.99896482
6.88000000 -0.00205300 0.99897508
6.89000000 -0.00203260 0.99898525
6.90000000 -0.00201241 0.99899532
6.91000000 -0.00199242 0.99900528
6.92000000 -0.00197262 0.99901515
6.93000000 -0.00195302 0.99902492
6.94000000 -0.00193362 0.99903460
6.95000000 -0.00191440 0.99904418
6.96000000 -0.00189538 0.99905366
6.97000000 -0.00187655 0.99906305
6.98000000 -0.00185790 0.99907235
6.99000000 -0.00183944 0.99908155
7.00000000 -0.00182116 0.99909066
7.01000000 -0.00180307 0.99909969
7.02000000 -0.00178515 0.99910862
7.03000000 -0.00176741 0.99911747
7.04000000 -0.00174985 0.99912623
7.05000000 -0.00173246 0.99913490
7.06000000 -0.00171524 0.99914348
7.07000000 -0.00169820 0.99915198
7.08000000 -0.00168132 0.99916040
7.09000000 -0.00166461 0.99916873
7.10000000 -0.00164807 0.99917699
7.11000000 -0.00163169 0.99918515
7.12000000 -0.00161548 0.99919324
7.13000000 -0.00159942 0.99920125
7.14000000 -0.00158353 0.99920918
7.15000000 -0.00156779 0.99921703
7.16000000 -0.00155221 0.99922480
7.17000000 -0.00153678 0.99923250
7.18000000 -0.00152150 0.99924012
7.19000000 -0.00150638 0.99924766
7.20000000 -0.00149141 0.99925513
7.21000000 -0.00147659 0.99926253
7.22000000 -0.00146191 0.99926985
7.23000000 -0.00144738 0.99927710
7.24000000 -0.00143299 0.99928427
7.25000000 -0.00141875 0.99929138
7.26000000 -0.00140465 0.99929842
7.27000000 -0.00139069 0.99930538
7.28000000 -0.00137686 0.99931228
7.29000000 -0.00136318 0.99931911
7.30000000 -0.00134963 0.99932587
7.31000000 -0.00133621 0.99933256
7.32000000 -0.00132293 0.99933919
7.33000000 -0.00130978 0.99934576
7.34000000 -0.00129676 0.99935225
7.35000000 -0.00128387 0.99935869
7.36000000 -0.00127111 0.99936505
7.37000000 -0.00125847 0.99937136
7.38000000 -0.00124596 0.99937760
7.39000000 -0.00123357 0.99938379
7.40000000 -0.00122131 0.99938991
7.41000000 -0.00120917 0.99939596
7.42000000 -0.00119715 0.99940196
7.43000000 -0.00118525 0.99940790
7.44000000 -0.00117346 0.99941379
7.45000000 -0.00116180 0.99941961
7.46000000 -0.00115025 0.99942537
7.47000000 -0.00113881 0.99943108
7.48000000 -0.00112749 0.99943673
7.49000000 -0.00111628 0.99944233
7.50000000 -0.00110518 0.99944787
7.51000000 -0.00109419 0.99945335
7.52000000 -0.00108332 0.99945878
7.53000000 -0.00107255 0.99946416
7.54000000 -0.00106188 0.99946948
7.55000000 -0.00105132 0.99947475
7.56000000 -0.00104087 0.99947997
7.57000000 -0.00103052 0.99948514
7.58000000 -0.00102028 0.99949025
7.59000000 -0.00101013 0.99949532
7.60000000 -0.00100009 0.99950033
7.61000000 -0.00099014 0.99950530
7.62000000 -0.00098030 0.99951021
7.63000000 -0.00097055 0.99951508
7.64000000 -0.00096090 0.99951990
7.65000000 -0.00095135 0.99952467
7.66000000 -0.00094189 0.99952939
7.67000000 -0.00093252 0.99953406
7.68000000 -0.00092325 0.99953869
7.69000000 -0.00091407 0.99954328
7.70000000 -0.00090498 0.99954782
7.71000000 -0.00089598 0.99955231
7.72000000 -0.00088707 0.99955676
7.73000000 -0.00087825 0.99956116
7.74000000 -0.00086952 0.99956552
7.75000000 -0.00086087 0.99956984
7.76000000 -0.00085231 0.99957412
7.77000000 -0.00084384 0.99957835
7.78000000 -0.00083545 0.99958254
7.79000000 -0.00082714 0.99958669
7.80000000 -0.00081891 0.99959080
7.81000000 -0.00081077 0.99959486
7.82000000 -0.00080271 0.99959889
7.83000000 -0.00079473 0.99960287
7.84000000 -0.00078682 0.99960682
7.85000000 -0.00077900 0.99961073
7.86000000 -0.00077125 0.99961460
7.87000000 -0.00076358 0.99961843
7.88000000 -0.00075599 0.99962222
7.89000000 -0.00074847 0.99962598
7.90000000 -0.00074103 0.99962969
7.91000000 -0.00073366 0.99963337
7.92000000 -0.00072636 0.99963702
7.93000000 -0.00071914 0.99964063
7.94000000 -0.00071199 0.99964420
7.95000000 -0.00070490 0.99964773
7.96000000 -0.00069789 0.99965124
7.97000000 -0.00069095 0.99965470
7.98000000 -0.00068408 0.99965813
7.99000000 -0.00067728 0.99966153
8.00000000 -0.00067054 0.99966490
8.01000000 -0.00066387 0.99966823
8.02000000 -0.00065727 0.99967153
8.03000000 -0.00065074 0.99967479
8.04000000 -0.00064426 0.99967802
8.05000000 -0.00063786 0.99968122
8.06000000 -0.00063151 0.99968439
8.07000000 -0.00062523 0.99968753
8.08000000 -0.00061901 0.99969064
8.09000000 -0.00061286 0.99969371
8.10000000 -0.00060676 0.99969676
8.11000000 -0.00060073 0.99969977
8.12000000 -0.00059475 0.99970276
8.13000000 -0.00058884 0.99970571
8.14000000 -0.00058298 0.99970864
8.15000000 -0.00057718 0.99971153
8.16000000 -0.00057144 0.99971440
8.17000000 -0.00056576 0.99971724
8.18000000 -0.00056013 0.99972005
8.19000000 -0.00055456 0.99972284
8.20000000 -0.00054904 0.99972559
8.21000000 -0.00054358 0.99972832
8.22000000 -0.00053818 0.99973102
8.23000000 -0.00053282 0.99973369
8.24000000 -0.00052752 0.99973634
8.25000000 -0.00052228 0.99973896
8.26000000 -0.00051708 0.99974156
8.27000000 -0.00051194 0.99974413
8.28000000 -0.00050685 0.99974667
8.29000000 -0.00050181 0.99974919
8.30000000 -0.00049681 0.99975169
8.31000000 -0.00049187 0.99975415
8.32000000 -0.00048698 0.99975660
8.33000000 -0.00048214 0.99975902
8.34000000 -0.00047734 0.99976142
8.35000000 -0.00047259 0.99976379
8.36000000 -0.00046789 0.99976614
8.37000000 -0.00046324 0.99976846
8.38000000 -0.00045863 0.99977076
8.39000000 -0.00045407 0.99977304
8.40000000 -0.00044955 0.99977530
8.41000000 -0.00044508 0.99977753
8.42000000 -0.00044065 0.99977975
8.43000000 -0.00043627 0.99978194
8.44000000 -0.00043193 0.99978410
8.45000000 -0.00042763 0.99978625
8.46000000 -0.00042338 0.99978838
8.47000000 -0.00041917 0.99979048
8.48000000 -0.00041500 0.99979257
8.49000000 -0.00041087 0.99979463
8.50000000 -0.00040678 0.99979667
8.51000000 -0.00040274 0.99979869
8.52000000 -0.00039873 0.99980069
8.53000000 -0.00039476 0.99980268
8.54000000 -0.00039084 0.99980464
8.55000000 -0.00038695 0.99980658
8.56000000 -0.00038310 0.99980850
8.57000000 -0.00037929 0.99981041
8.58000000 -0.00037552 0.99981229
8.59000000 -0.00037178 0.99981416
8.60000000 -0.00036808 0.99981601
8.61000000 -0.00036442 0.99981784
8.62000000 -0.00036080 0.99981965
8.63000000 -0.00035721 0.99982144
8.64000000 -0.00035365 0.99982322
8.65000000 -0.00035014 0.99982498
8.66000000 -0.00034665 0.99982672
8.67000000 -0.00034321 0.99982844
8.68000000 -0.00033979 0.99983015
8.69000000 -0.00033641 0.99983184
8.70000000 -0.00033306 0.99983351
8.71000000 -0.00032975 0.99983517
8.72000000 -0.00032647 0.99983680
8.73000000 -0.00032322 0.99983843
8.74000000 -0.00032001 0.99984003
8.75000000 -0.00031682 0.99984163
8.76000000 -0.00031367 0.99984320
8.77000000 -0.00031055 0.99984476
8.78000000 -0.00030746 0.99984630
8.79000000 -0.00030440 0.99984783
8.80000000 -0.00030138 0.99984935
8.81000000 -0.00029838 0.99985084
8.82000000 -0.00029541 0.99985233
8.83000000 -0.00029247 0.99985380
8.84000000 -0.00028956 0.99985525
8.85000000 -0.00028668 0.99985669
8.86000000 -0.00028383 0.99985812
8.87000000 -0.00028101 0.99985953
8.88000000 -0.00027821 0.99986092
8.89000000 -0.00027544 0.99986231
8.90000000 -0.00027270 0.99986368
8.91000000 -0.00026999 0.99986503
8.92000000 -0.00026730 0.99986638
8.93000000 -0.00026464 0.99986770
8.94000000 -0.00026201 0.99986902
8.95000000 -0.00025940 0.99987032
8.96000000 -0.00025682 0.99987161
8.97000000 -0.00025427 0.99987289
8.98000000 -0.00025174 0.99987415
8.99000000 -0.00024923 0.99987541
9.00000000 -0.00024676 0.99987665
9.01000000 -0.00024430 0.99987787
9.02000000 -0.00024187 0.99987909
9.03000000 -0.00023946 0.99988029
9.04000000 -0.00023708 0.99988148
9.05000000 -0.00023472 0.99988266
9.06000000 -0.00023239 0.99988383
9.07000000 -0.00023008 0.99988498
9.08000000 -0.00022779 0.99988613
9.09000000 -0.00022552 0.99988726
9.10000000 -0.00022328 0.99988838
9.11000000 -0.00022106 0.99988949
9.12000000 -0.00021886 0.99989059
9.13000000 -0.00021668 0.99989168
9.14000000 -0.00021452 0.99989276
9.15000000 -0.00021239 0.99989382
9.16000000 -0.00021028 0.99989488
9.17000000 -0.00020818 0.99989592
9.18000000 -0.00020611 0.99989696
9.19000000 -0.00020406 0.99989798
9.20000000 -0.00020203 0.99989900
9.21000000 -0.00020002 0.99990000
9.22000000 -0.00019803 0.99990100
9.23000000 -0.00019606 0.99990198
9.24000000 -0.00019411 0.99990296
9.25000000 -0.00019218 0.99990392
9.26000000 -0.00019027 0.99990488
9.27000000 -0.00018838 0.99990583
9.28000000 -0.00018650 0.99990676
9.29000000 -0.00018465 0.99990769
9.30000000 -0.00018281 0.99990861
9.31000000 -0.00018099 0.99990952
9.32000000 -0.00017919 0.99991042
9.33000000 -0.00017741 0.99991131
9.34000000 -0.00017564 0.99991219
9.35000000 -0.00017389 0.99991306
9.36000000 -0.00017216 0.99991393
9.37000000 -0.00017045 0.99991479
9.38000000 -0.00016876 0.99991563
9.39000000 -0.00016708 0.99991647
9.40000000 -0.00016541 0.99991730
9.41000000 -0.00016377 0.99991813
9.42000000 -0.00016214 0.99991894
9.43000000 -0.00016053 0.99991975
9.44000000 -0.00015893 0.99992054
9.45000000 -0.00015735 0.99992134
9.46000000 -0.00015578 0.99992212
9.47000000 -0.00015423 0.99992289
9.48000000 -0.00015270 0.99992366
9.49000000 -0.00015118 0.99992442
9.50000000 -0.00014968 0.99992517
9.51000000 -0.00014819 0.99992592
9.52000000 -0.00014671 0.99992665
9.53000000 -0.00014525 0.99992738
9.54000000 -0.00014381 0.99992810
9.55000000 -0.00014238 0.99992882
9.56000000 -0.00014096 0.99992953
9.57000000 -0.00013956 0.99993023
9.58000000 -0.00013817 0.99993092
9.59000000 -0.00013679 0.99993161
9.60000000 -0.00013543 0.99993229
9.61000000 -0.00013409 0.99993296
9.62000000 -0.00013275 0.99993363
9.63000000 -0.00013143 0.99993429
9.64000000 -0.00013012 0.99993494
9.65000000 -0.00012883 0.99993559
9.66000000 -0.00012755 0.99993623
9.67000000 -0.00012628 0.99993687
9.68000000 -0.00012502 0.99993750
9.69000000 -0.00012378 0.99993812
9.70000000 -0.00012255 0.99993873
9.71000000 -0.00012133 0.99993934
9.72000000 -0.00012012 0.99993995
9.73000000 -0.00011892 0.99994054
9.74000000 -0.00011774 0.99994113
9.75000000 -0.00011657 0.99994172
9.76000000 -0.00011541 0.99994230
9.77000000 -0.00011426 0.99994287
9.78000000 -0.00011312 0.99994344
9.79000000 -0.00011200 0.99994401
9.80000000 -0.00011088 0.99994456
9.81000000 -0.00010978 0.99994511
9.82000000 -0.00010869 0.99994566
9.83000000 -0.00010761 0.99994620
9.84000000 -0.00010654 0.99994674
9.85000000 -0.00010548 0.99994727
9.86000000 -0.00010443 0.99994779
9.87000000 -0.00010339 0.99994831
9.88000000 -0.00010236 0.99994882
9.89000000 -0.00010134 0.99994933
9.90000000 -0.00010033 0.99994984
9.91000000 -0.00009934 0.99995034
9.92000000 -0.00009835 0.99995083
9.93000000 -0.00009737 0.99995132
9.94000000 -0.00009640 0.99995180
9.95000000 -0.00009544 0.99995228
9.96000000 -0.00009449 0.99995276
9.97000000 -0.00009355 0.99995323
9.98000000 -0.00009262 0.99995369
9.99000000 -0.00009170 0.99995415
10.00000000 -0.00009079 0.99995461
