0.00000000 1.00000000 1.00000000 1.00000000 1.00000000
0.01000000 1.01000000 0.99000000 1.00994983 0.98995017
0.02000000 1.01990000 0.97990000 1.01979867 0.97980134
0.03000000 1.02969900 0.96970100 1.02954553 0.96955453
0.04000000 1.03939601 0.95940401 1.03918944 0.95921077
0.05000000 1.04899005 0.94901005 1.04872943 0.94877109
0.06000000 1.05848015 0.93852015 1.05816455 0.93823653
0.07000000 1.06786535 0.92793535 1.06749385 0.92760815
0.08000000 1.07714471 0.91725669 1.07671640 0.91688701
0.09000000 1.08631727 0.90648525 1.08583128 0.90607418
0.10000000 1.09538212 0.89562207 1.09483758 0.89517075
0.11000000 1.10433835 0.88466825 1.10373440 0.88417780
0.12000000 1.11318503 0.87362487 1.11252084 0.87309643
0.13000000 1.12192128 0.86249302 1.12119604 0.86192775
0.14000000 1.13054621 0.85127381 1.12975911 0.85067288
0.15000000 1.13905895 0.83996834 1.13820921 0.83933295
0.16000000 1.14745863 0.82857776 1.14654549 0.82790908
0.17000000 1.15574441 0.81710317 1.15476712 0.81640242
0.18000000 1.16391544 0.80554572 1.16287327 0.80481412
0.19000000 1.17197090 0.79390657 1.17086313 0.79314534
0.20000000 1.17990996 0.78218686 1.17873591 0.78139725
0.21000000 1.18773183 0.77038776 1.18649081 0.76957101
0.22000000 1.19543571 0.75851044 1.19412707 0.75766783
0.23000000 1.20302081 0.74655609 1.20164392 0.74568887
0.24000000 1.21048637 0.73452588 1.20904060 0.73363535
0.25000000 1.21783163 0.72242101 1.21631638 0.72150846
0.26000000 1.22505584 0.71024270 1.22347053 0.70930943
0.27000000 1.23215827 0.69799214 1.23050233 0.69703946
0.28000000 1.23913819 0.68567056 1.23741109 0.68469979
0.29000000 1.24599490 0.67327918 1.24419610 0.67229165
0.30000000 1.25272769 0.66081923 1.25085670 0.65981628
0.31000000 1.25933588 0.64829195 1.25739221 0.64727493
0.32000000 1.26581880 0.63569859 1.26380198 0.63466886
0.33000000 1.27217578 0.62304040 1.27008537 0.62199932
0.34000000 1.27840619 0.61031865 1.27624176 0.60926757
0.35000000 1.28450938 0.59753458 1.28227052 0.59647491
0.36000000 1.29048472 0.58468949 1.28817106 0.58362259
0.37000000 1.29633162 0.57178464 1.29394278 0.57071191
0.38000000 1.30204946 0.55882133 1.29958510 0.55774417
0.39000000 1.30763768 0.54580083 1.30509747 0.54472064
0.40000000 1.31309568 0.53272445 1.31047934 0.53164265
0.41000000 1.31842293 0.51959350 1.31573015 0.51851149
0.42000000 1.32361886 0.50640927 1.32084939 0.50532849
0.43000000 1.32868296 0.49317308 1.32583655 0.49209495
0.44000000 1.33361469 0.47988625 1.33069113 0.47881220
0.45000000 1.33841355 0.46655010 1.33541264 0.46548157
0.46000000 1.34307905 0.45316597 1.34000060 0.45210439
0.47000000 1.34761071 0.43973518 1.34445457 0.43868200
0.48000000 1.35200806 0.42625907 1.34877410 0.42521575
0.49000000 1.35627065 0.41273899 1.35295875 0.41170697
0.50000000 1.36039804 0.39917628 1.35700810 0.39815702
0.51000000 1.36438981 0.38557230 1.36092175 0.38456726
0.52000000 1.36824553 0.37192840 1.36469932 0.37093904
0.53000000 1.37196481 0.35824595 1.36834041 0.35727373
0.54000000 1.37554727 0.34452630 1.37184467 0.34357269
0.55000000 1.37899253 0.33077083 1.37521175 0.32983729
0.56000000 1.38230024 0.31698090 1.37844131 0.31606891
0.57000000 1.38547005 0.30315790 1.38153302 0.30226893
0.58000000 1.38850163 0.28930320 1.38448659 0.28843871
0.59000000 1.39139466 0.27541818 1.38730170 0.27457966
0.60000000 1.39414885 0.26150424 1.38997809 0.26069314
0.61000000 1.39676389 0.24756275 1.39251548 0.24678056
0.62000000 1.39923951 0.23359511 1.39491362 0.23284330
0.63000000 1.40157547 0.21960271 1.39717227 0.21888275
0.64000000 1.40377149 0.20558696 1.39929120 0.20490032
0.65000000 1.40582736 0.19154925 1.40127020 0.19089739
0.66000000 1.40774286 0.17749097 1.40310908 0.17687538
0.67000000 1.40951777 0.16341354 1.40480765 0.16283568
0.68000000 1.41115190 0.14931837 1.40636574 0.14877969
0.69000000 1.41264508 0.13520685 1.40778320 0.13470883
0.70000000 1.41399715 0.12108040 1.40905987 0.12062450
0.71000000 1.41520796 0.10694042 1.41019565 0.10652810
0.72000000 1.41627736 0.09278834 1.41119040 0.09242106
0.73000000 1.41720524 0.07862557 1.41204404 0.07830477
0.74000000 1.41799150 0.06445352 1.41275647 0.06418065
0.75000000 1.41863604 0.05027360 1.41332763 0.05005011
0.76000000 1.41913877 0.03608724 1.41375746 0.03591457
0.77000000 1.41949964 0.02189586 1.41404591 0.02177543
0.78000000 1.41971860 0.00770086 1.41419296 0.00763412
0.79000000 1.41979561 -0.00649633 1.41419859 -0.00650796
0.80000000 1.41973065 -0.02069428 1.41406280 -0.02064938
0.81000000 1.41952370 -0.03489159 1.41378561 -0.03478874
0.82000000 1.41917479 -0.04908683 1.41336704 -0.04892462
0.83000000 1.41868392 -0.06327857 1.41280713 -0.06305561
0.84000000 1.41805113 -0.07746541 1.41210595 -0.07718029
0.85000000 1.41727648 -0.09164593 1.41126355 -0.09129726
0.86000000 1.41636002 -0.10581869 1.41028003 -0.10540509
0.87000000 1.41530183 -0.11998229 1.40915548 -0.11950239
0.88000000 1.41410201 -0.13413531 1.40789002 -0.13358773
0.89000000 1.41276066 -0.14827633 1.40648377 -0.14765972
0.90000000 1.41127790 -0.16240394 1.40493688 -0.16171694
0.91000000 1.40965386 -0.17651671 1.40324949 -0.17575799
0.92000000 1.40788869 -0.19061325 1.40142178 -0.18978146
0.93000000 1.40598256 -0.20469214 1.39945392 -0.20378596
0.94000000 1.40393563 -0.21875197 1.39734613 -0.21777008
0.95000000 1.40174812 -0.23279132 1.39509859 -0.23173242
0.96000000 1.39942020 -0.24680880 1.39271155 -0.24567158
0.97000000 1.39695211 -0.26080300 1.39018524 -0.25958618
0.98000000 1.39434408 -0.27477253 1.38751992 -0.27347482
0.99000000 1.39159636 -0.28871597 1.38471584 -0.28733612
1.00000000 1.38870920 -0.30263193 1.38177329 -0.30116868
1.01000000 1.38568288 -0.31651902 1.37869257 -0.31497112
1.02000000 1.38251769 -0.33037585 1.37547397 -0.32874207
1.03000000 1.37921393 -0.34420103 1.37211783 -0.34248014
1.04000000 1.37577192 -0.35799317 1.36862448 -0.35618397
1.05000000 1.37219199 -0.37175089 1.36499427 -0.36985218
1.06000000 1.36847448 -0.38547281 1.36122756 -0.38348340
1.07000000 1.36461975 -0.39915755 1.35732473 -0.39707628
1.08000000 1.36062818 -0.41280375 1.35328617 -0.41062944
1.09000000 1.35650014 -0.42641003 1.34911228 -0.42414155
1.10000000 1.35223604 -0.43997503 1.34480348 -0.43761124
1.11000000 1.34783629 -0.45349739 1.34036020 -0.45103717
1.12000000 1.34330131 -0.46697576 1.33578289 -0.46441800
1.13000000 1.33863156 -0.48040877 1.33107200 -0.47775238
1.14000000 1.33382747 -0.49379508 1.32622800 -0.49103899
1.15000000 1.32888952 -0.50713336 1.32125138 -0.50427650
1.16000000 1.32381818 -0.52042225 1.31614264 -0.51746358
1.17000000 1.31861396 -0.53366044 1.31090228 -0.53059891
1.18000000 1.31327736 -0.54684658 1.30553084 -0.54368119
1.19000000 1.30780889 -0.55997935 1.30002884 -0.55670909
1.20000000 1.30220910 -0.57305744 1.29439684 -0.56968133
1.21000000 1.29647852 -0.58607953 1.28863540 -0.58259660
1.22000000 1.29061773 -0.59904431 1.28274510 -0.59545361
1.23000000 1.28462729 -0.61195049 1.27672653 -0.60825107
1.24000000 1.27850778 -0.62479676 1.27058028 -0.62098772
1.25000000 1.27225981 -0.63758184 1.26430698 -0.63366226
1.26000000 1.26588399 -0.65030444 1.25790725 -0.64627343
1.27000000 1.25938095 -0.66296328 1.25138173 -0.65881998
1.28000000 1.25275132 -0.67555709 1.24473107 -0.67130065
1.29000000 1.24599575 -0.68808460 1.23795594 -0.68371419
1.30000000 1.23911490 -0.70054456 1.23105701 -0.69605936
1.31000000 1.23210946 -0.71293571 1.22403498 -0.70833492
1.32000000 1.22498010 -0.72525680 1.21689055 -0.72053965
1.33000000 1.21772753 -0.73750660 1.20962443 -0.73267232
1.34000000 1.21035246 -0.74968388 1.20223735 -0.74473173
1.35000000 1.20285563 -0.76178740 1.19473004 -0.75671667
1.36000000 1.19523775 -0.77381596 1.18710327 -0.76862594
1.37000000 1.18749959 -0.78576834 1.17935778 -0.78045834
1.38000000 1.17964191 -0.79764333 1.17149436 -0.79221270
1.39000000 1.17166547 -0.80943975 1.16351379 -0.80388784
1.40000000 1.16357108 -0.82115641 1.15541687 -0.81548259
1.41000000 1.15535951 -0.83279212 1.14720441 -0.82699579
1.42000000 1.14703159 -0.84434571 1.13887723 -0.83842629
1.43000000 1.13858813 -0.85581603 1.13043617 -0.84977295
1.44000000 1.13002997 -0.86720191 1.12188206 -0.86103464
1.45000000 1.12135796 -0.87850221 1.11321576 -0.87221022
1.46000000 1.11257293 -0.88971579 1.10443814 -0.88329858
1.47000000 1.10367578 -0.90084152 1.09555008 -0.89429862
1.48000000 1.09466736 -0.91187828 1.08655247 -0.90520922
1.49000000 1.08554858 -0.92282495 1.07744620 -0.91602930
1.50000000 1.07632033 -0.93368044 1.06823219 -0.92675778
1.51000000 1.06698352 -0.94444364 1.05891135 -0.93739359
1.52000000 1.05753909 -0.95511348 1.04948463 -0.94793566
1.53000000 1.04798795 -0.96568887 1.03995296 -0.95838293
1.54000000 1.03833106 -0.97616875 1.03031729 -0.96873437
1.55000000 1.02856938 -0.98655206 1.02057859 -0.97898894
1.56000000 1.01870386 -0.99683775 1.01073784 -0.98914560
1.57000000 1.00873548 -1.00702479 1.00079601 -0.99920336
1.58000000 0.99866523 -1.01711214 0.99075410 -1.00916119
1.59000000 0.98849411 -1.02709880 0.98061312 -1.01901811
1.60000000 0.97822312 -1.03698374 0.97037408 -1.02877313
1.61000000 0.96785328 -1.04676597 0.96003800 -1.03842527
1.62000000 0.95738562 -1.05644450 0.94960592 -1.04797357
1.63000000 0.94682118 -1.06601836 0.93907888 -1.05741707
1.64000000 0.93616100 -1.07548657 0.92845793 -1.06675483
1.65000000 0.92540613 -1.08484818 0.91774414 -1.07598592
1.66000000 0.91455765 -1.09410224 0.90693857 -1.08510941
1.67000000 0.90361663 -1.10324782 0.89604231 -1.09412439
1.68000000 0.89258415 -1.11228398 0.88505645 -1.10302995
1.69000000 0.88146131 -1.12120982 0.87398208 -1.11182522
1.70000000 0.87024921 -1.13002444 0.86282032 -1.12050930
1.71000000 0.85894896 -1.13872693 0.85157227 -1.12908134
1.72000000 0.84756170 -1.14731642 0.84023907 -1.13754047
1.73000000 0.83608853 -1.15579204 0.82882184 -1.14588584
1.74000000 0.82453061 -1.16415292 0.81732173 -1.15411663
1.75000000 0.81288908 -1.17239823 0.80573989 -1.16223200
1.76000000 0.80116510 -1.18052712 0.79407748 -1.17023116
1.77000000 0.78935983 -1.18853877 0.78233566 -1.17811329
1.78000000 0.77747444 -1.19643237 0.77051561 -1.18587761
1.79000000 0.76551012 -1.20420711 0.75861850 -1.19352334
1.80000000 0.75346805 -1.21186221 0.74664554 -1.20104973
1.81000000 0.74134942 -1.21939689 0.73459791 -1.20845600
1.82000000 0.72915545 -1.22681039 0.72247682 -1.21574144
1.83000000 0.71688735 -1.23410194 0.71028348 -1.22290530
1.84000000 0.70454633 -1.24127082 0.69801912 -1.22994687
1.85000000 0.69213362 -1.24831628 0.68568496 -1.23686545
1.86000000 0.67965046 -1.25523762 0.67328222 -1.24366034
1.87000000 0.66709808 -1.26203412 0.66081216 -1.25033087
1.88000000 0.65447774 -1.26870510 0.64827602 -1.25687637
1.89000000 0.64179069 -1.27524988 0.63567506 -1.26329617
1.90000000 0.62903819 -1.28166779 0.62301052 -1.26958965
1.91000000 0.61622152 -1.28795817 0.61028369 -1.27575618
1.92000000 0.60334193 -1.29412038 0.59749582 -1.28179512
1.93000000 0.59040073 -1.30015380 0.58464821 -1.28770589
1.94000000 0.57739919 -1.30605781 0.57174213 -1.29348789
1.95000000 0.56433861 -1.31183180 0.55877888 -1.29914055
1.96000000 0.55122030 -1.31747519 0.54575976 -1.30466329
1.97000000 0.53804554 -1.32298739 0.53268605 -1.31005556
1.98000000 0.52481567 -1.32836785 0.51955908 -1.31531683
1.99000000 0.51153199 -1.33361600 0.50638015 -1.32044657
2.00000000 0.49819583 -1.33873132 0.49315059 -1.32544426
2.01000000 0.48480852 -1.34371328 0.47987171 -1.33030942
2.02000000 0.47137139 -1.34856137 0.46654485 -1.33504154
2.03000000 0.45788577 -1.35327508 0.45317133 -1.33964016
2.04000000 0.44435302 -1.35785394 0.43975249 -1.34410481
2.05000000 0.43077448 -1.36229747 0.42628968 -1.34843506
2.06000000 0.41715151 -1.36660521 0.41278424 -1.35263046
2.07000000 0.40348545 -1.37077673 0.39923752 -1.35669061
2.08000000 0.38977769 -1.37481158 0.38565088 -1.36061508
2.09000000 0.37602957 -1.37870936 0.37202567 -1.36440350
2.10000000 0.36224248 -1.38246965 0.35836326 -1.36805547
2.11000000 0.34841778 -1.38609208 0.34466502 -1.37157064
2.12000000 0.33455686 -1.38957626 0.33093231 -1.37494866
2.13000000 0.32066110 -1.39292183 0.31716650 -1.37818918
2.14000000 0.30673188 -1.39612844 0.30336898 -1.38129188
2.15000000 0.29277060 -1.39919576 0.28954113 -1.38425646
2.16000000 0.27877864 -1.40212346 0.27568431 -1.38708261
2.17000000 0.26475740 -1.40491125 0.26179994 -1.38977005
2.18000000 0.25070829 -1.40755882 0.24788938 -1.39231852
2.19000000 0.23663270 -1.41006590 0.23395403 -1.39472776
2.20000000 0.22253204 -1.41243223 0.21999529 -1.39699752
2.21000000 0.20840772 -1.41465755 0.20601454 -1.39912759
2.22000000 0.19426115 -1.41674163 0.19201320 -1.40111774
2.23000000 0.18009373 -1.41868424 0.17799266 -1.40296779
2.24000000 0.16590689 -1.42048518 0.16395431 -1.40467754
2.25000000 0.15170204 -1.42214425 0.14989957 -1.40624682
2.26000000 0.13748059 -1.42366127 0.13582985 -1.40767548
2.27000000 0.12324398 -1.42503607 0.12174653 -1.40896337
2.28000000 0.10899362 -1.42626851 0.10765105 -1.41011037
2.29000000 0.09473093 -1.42735845 0.09354480 -1.41111636
2.30000000 0.08045735 -1.42830576 0.07942919 -1.41198123
2.31000000 0.06617429 -1.42911033 0.06530564 -1.41270491
2.32000000 0.05188319 -1.42977208 0.05117556 -1.41328732
2.33000000 0.03758547 -1.43029091 0.03704037 -1.41372841
2.34000000 0.02328256 -1.43066676 0.02290147 -1.41402812
2.35000000 0.00897589 -1.43089959 0.00876028 -1.41418643
2.36000000 -0.00533310 -1.43098935 -0.00538179 -1.41420332
2.37000000 -0.01964300 -1.43093602 -0.01952332 -1.41407880
2.38000000 -0.03395236 -1.43073959 -0.03366290 -1.41381286
2.39000000 -0.04825975 -1.43040006 -0.04779911 -1.41340555
2.40000000 -0.06256375 -1.42991746 -0.06193053 -1.41285690
2.41000000 -0.07686293 -1.42929183 -0.07605577 -1.41216696
2.42000000 -0.09115585 -1.42852320 -0.09017340 -1.41133581
2.43000000 -0.10544108 -1.42761164 -0.10428202 -1.41036352
2.44000000 -0.11971720 -1.42655723 -0.11838020 -1.40925020
2.45000000 -0.13398277 -1.42536006 -0.13246655 -1.40799596
2.46000000 -0.14823637 -1.42402023 -0.14653965 -1.40660091
2.47000000 -0.16247657 -1.42253786 -0.16059810 -1.40506521
2.48000000 -0.17670195 -1.42091310 -0.17464049 -1.40338901
2.49000000 -0.19091108 -1.41914608 -0.18866541 -1.40157246
2.50000000 -0.20510254 -1.41723697 -0.20267147 -1.39961576
2.51000000 -0.21927491 -1.41518594 -0.21665726 -1.39751910
2.52000000 -0.23342677 -1.41299319 -0.23062139 -1.39528269
2.53000000 -0.24755670 -1.41065893 -0.24456245 -1.39290675
2.54000000 -0.26166329 -1.40818336 -0.25847906 -1.39039152
2.55000000 -0.27574513 -1.40556673 -0.27236982 -1.38773725
2.56000000 -0.28980079 -1.40280928 -0.28623334 -1.38494421
2.57000000 -0.30382889 -1.39991127 -0.30006824 -1.38201268
2.58000000 -0.31782800 -1.39687298 -0.31387313 -1.37894295
2.59000000 -0.33179673 -1.39369470 -0.32764664 -1.37573532
2.60000000 -0.34573367 -1.39037673 -0.34138738 -1.37239013
2.61000000 -0.35963744 -1.38691939 -0.35509398 -1.36890769
2.62000000 -0.37350664 -1.38332302 -0.36876508 -1.36528836
2.63000000 -0.38733987 -1.37958795 -0.38239930 -1.36153251
2.64000000 -0.40113575 -1.37571456 -0.39599528 -1.35764051
2.65000000 -0.41489289 -1.37170320 -0.40955165 -1.35361274
2.66000000 -0.42860992 -1.36755427 -0.42306708 -1.34944961
2.67000000 -0.44228547 -1.36326817 -0.43654020 -1.34515154
2.68000000 -0.45591815 -1.35884531 -0.44996966 -1.34071895
2.69000000 -0.46950660 -1.35428613 -0.46335413 -1.33615229
2.70000000 -0.48304946 -1.34959107 -0.47669226 -1.33145202
2.71000000 -0.49654537 -1.34476057 -0.48998273 -1.32661861
2.72000000 -0.50999298 -1.33979512 -0.50322419 -1.32165253
2.73000000 -0.52339093 -1.33469519 -0.51641534 -1.31655429
2.74000000 -0.53673788 -1.32946128 -0.52955484 -1.31132440
2.75000000 -0.55003249 -1.32409390 -0.54264139 -1.30596337
2.76000000 -0.56327343 -1.31859358 -0.55567367 -1.30047175
2.77000000 -0.57645937 -1.31296084 -0.56865039 -1.29485008
2.78000000 -0.58958898 -1.30719625 -0.58157024 -1.28909893
2.79000000 -0.60266094 -1.30130036 -0.59443194 -1.28321887
2.80000000 -0.61567394 -1.29527375 -0.60723419 -1.27721049
2.81000000 -0.62862668 -1.28911701 -0.61997572 -1.27107439
2.82000000 -0.64151785 -1.28283074 -0.63265525 -1.26481118
2.83000000 -0.65434616 -1.27641556 -0.64527152 -1.25842150
2.84000000 -0.66711031 -1.26987210 -0.65782327 -1.25190597
2.85000000 -0.67980904 -1.26320100 -0.67030923 -1.24526525
2.86000000 -0.69244105 -1.25640291 -0.68272815 -1.23850001
2.87000000 -0.70500507 -1.24947850 -0.69507881 -1.23161091
2.88000000 -0.71749986 -1.24242845 -0.70735996 -1.22459866
2.89000000 -0.72992414 -1.23525345 -0.71957038 -1.21746395
2.90000000 -0.74227668 -1.22795421 -0.73170884 -1.21020749
2.91000000 -0.75455622 -1.22053144 -0.74377412 -1.20283002
2.92000000 -0.76676153 -1.21298588 -0.75576504 -1.19533226
2.93000000 -0.77889139 -1.20531826 -0.76768037 -1.18771497
2.94000000 -0.79094458 -1.19752935 -0.77951894 -1.17997891
2.95000000 -0.80291987 -1.18961990 -0.79127956 -1.17212485
2.96000000 -0.81481607 -1.18159071 -0.80296105 -1.16415358
2.97000000 -0.82663198 -1.17344254 -0.81456224 -1.15606590
2.98000000 -0.83836640 -1.16517622 -0.82608198 -1.14786261
2.99000000 -0.85001816 -1.15679256 -0.83751911 -1.13954453
3.00000000 -0.86158609 -1.14829238 -0.84887249 -1.13111250
3.01000000 -0.87306901 -1.13967652 -0.86014098 -1.12256737
3.02000000 -0.88446578 -1.13094583 -0.87132346 -1.11390997
3.03000000 -0.89577524 -1.12210117 -0.88241881 -1.10514119
3.04000000 -0.90699625 -1.11314342 -0.89342592 -1.09626189
3.05000000 -0.91812768 -1.10407346 -0.90434368 -1.08727297
3.06000000 -0.92916842 -1.09489218 -0.91517101 -1.07817532
3.07000000 -0.94011734 -1.08560049 -0.92590683 -1.06896985
3.08000000 -0.95097334 -1.07619932 -0.93655005 -1.05965749
3.09000000 -0.96173534 -1.06668959 -0.94709963 -1.05023916
3.10000000 -0.97240223 -1.05707223 -0.95755449 -1.04071581
3.11000000 -0.98297295 -1.04734821 -0.96791360 -1.03108839
3.12000000 -0.99344644 -1.03751848 -0.97817591 -1.02135786
3.13000000 -1.00382162 -1.02758402 -0.98834041 -1.01152520
3.14000000 -1.01409746 -1.01754580 -0.99840608 -1.00159138
3.15000000 -1.02427292 -1.00740483 -1.00837191 -0.99155741
3.16000000 -1.03434697 -0.99716210 -1.01823690 -0.98142428
3.17000000 -1.04431859 -0.98681863 -1.02800006 -0.97119301
3.18000000 -1.05418678 -0.97637544 -1.03766043 -0.96086462
3.19000000 -1.06395053 -0.96583357 -1.04721704 -0.95044015
3.20000000 -1.07360887 -0.95519407 -1.05666892 -0.93992063
3.21000000 -1.08316081 -0.94445798 -1.06601514 -0.92930712
3.22000000 -1.09260539 -0.93362637 -1.07525475 -0.91860068
3.23000000 -1.10194165 -0.92270032 -1.08438684 -0.90780239
3.24000000 -1.11116865 -0.91168090 -1.09341050 -0.89691331
3.25000000 -1.12028546 -0.90056922 -1.10232481 -0.88593454
3.26000000 -1.12929115 -0.88936636 -1.11112889 -0.87486718
3.27000000 -1.13818482 -0.87807345 -1.11982186 -0.86371233
3.28000000 -1.14696555 -0.86669160 -1.12840285 -0.85247112
3.29000000 -1.15563247 -0.85522195 -1.13687100 -0.84114465
3.30000000 -1.16418469 -0.84366562 -1.14522546 -0.82973408
3.31000000 -1.17262134 -0.83202377 -1.15346541 -0.81824053
3.32000000 -1.18094158 -0.82029756 -1.16159000 -0.80666515
3.33000000 -1.18914456 -0.80848815 -1.16959844 -0.79500911
3.34000000 -1.19722944 -0.79659670 -1.17748992 -0.78327357
3.35000000 -1.20519541 -0.78462441 -1.18526365 -0.77145971
3.36000000 -1.21304165 -0.77257245 -1.19291886 -0.75956870
3.37000000 -1.22076737 -0.76044203 -1.20045477 -0.74760173
3.38000000 -1.22837179 -0.74823436 -1.20787064 -0.73556000
3.39000000 -1.23585414 -0.73595064 -1.21516573 -0.72344472
3.40000000 -1.24321364 -0.72359210 -1.22233929 -0.71125709
3.41000000 -1.25044957 -0.71115997 -1.22939063 -0.69899834
3.42000000 -1.25756117 -0.69865547 -1.23631903 -0.68666969
3.43000000 -1.26454772 -0.68607986 -1.24312380 -0.67427237
3.44000000 -1.27140852 -0.67343438 -1.24980425 -0.66180763
3.45000000 -1.27814286 -0.66072030 -1.25635973 -0.64927670
3.46000000 -1.28475007 -0.64793887 -1.26278957 -0.63668085
3.47000000 -1.29122945 -0.63509137 -1.26909313 -0.62402133
3.48000000 -1.29758037 -0.62217907 -1.27526979 -0.61129941
3.49000000 -1.30380216 -0.60920327 -1.28131892 -0.59851636
3.50000000 -1.30989419 -0.59616525 -1.28723991 -0.58567346
3.51000000 -1.31585584 -0.58306630 -1.29303219 -0.57277199
3.52000000 -1.32168651 -0.56990775 -1.29869516 -0.55981325
3.53000000 -1.32738558 -0.55669088 -1.30422827 -0.54679852
3.54000000 -1.33295249 -0.54341702 -1.30963095 -0.53372912
3.55000000 -1.33838666 -0.53008750 -1.31490267 -0.52060634
3.56000000 -1.34368754 -0.51670363 -1.32004291 -0.50743150
3.57000000 -1.34885457 -0.50326676 -1.32505113 -0.49420592
3.58000000 -1.35388724 -0.48977821 -1.32992686 -0.48093092
3.59000000 -1.35878502 -0.47623934 -1.33466959 -0.46760783
3.60000000 -1.36354742 -0.46265149 -1.33927886 -0.45423797
3.61000000 -1.36817393 -0.44901602 -1.34375420 -0.44082270
3.62000000 -1.37266409 -0.43533428 -1.34809517 -0.42736334
3.63000000 -1.37701744 -0.42160764 -1.35230132 -0.41386124
3.64000000 -1.38123351 -0.40783746 -1.35637225 -0.40031776
3.65000000 -1.38531189 -0.39402513 -1.36030755 -0.38673425
3.66000000 -1.38925214 -0.38017201 -1.36410681 -0.37311206
3.67000000 -1.39305386 -0.36627949 -1.36776966 -0.35945257
3.68000000 -1.39671665 -0.35234895 -1.37129574 -0.34575713
3.69000000 -1.40024014 -0.33838178 -1.37468469 -0.33202711
3.70000000 -1.40362396 -0.32437938 -1.37793617 -0.31826389
3.71000000 -1.40686775 -0.31034314 -1.38104986 -0.30446885
3.72000000 -1.40997119 -0.29627446 -1.38402545 -0.29064335
3.73000000 -1.41293393 -0.28217475 -1.38686263 -0.27678880
3.74000000 -1.41575568 -0.26804541 -1.38956113 -0.26290656
3.75000000 -1.41843613 -0.25388785 -1.39212068 -0.24899804
3.76000000 -1.42097501 -0.23970349 -1.39454101 -0.23506461
3.77000000 -1.42337204 -0.22549374 -1.39682189 -0.22110768
3.78000000 -1.42562698 -0.21126002 -1.39896309 -0.20712864
3.79000000 -1.42773958 -0.19700375 -1.40096439 -0.19312889
3.80000000 -1.42970962 -0.18272636 -1.40282560 -0.17910982
3.81000000 -1.43153688 -0.16842926 -1.40454653 -0.16507284
3.82000000 -1.43322118 -0.15411389 -1.40612700 -0.15101936
3.83000000 -1.43476232 -0.13978168 -1.40756687 -0.13695077
3.84000000 -1.43616013 -0.12543406 -1.40886597 -0.12286849
3.85000000 -1.43741447 -0.11107246 -1.41002420 -0.10877392
3.86000000 -1.43852520 -0.09669831 -1.41104142 -0.09466848
3.87000000 -1.43949218 -0.08231306 -1.41191753 -0.08055356
3.88000000 -1.44031531 -0.06791814 -1.41265246 -0.06643060
3.89000000 -1.44099449 -0.05351498 -1.41324612 -0.05230099
3.90000000 -1.44152964 -0.03910504 -1.41369846 -0.03816615
3.91000000 -1.44192069 -0.02468974 -1.41400943 -0.02402749
3.92000000 -1.44216759 -0.01027054 -1.41417901 -0.00988643
3.93000000 -1.44227030 0.00415114 -1.41420716 0.00425562
3.94000000 -1.44222878 0.01857384 -1.41409389 0.01839724
3.95000000 -1.44204305 0.03299613 -1.41383922 0.03253703
3.96000000 -1.44171308 0.04741656 -1.41344316 0.04667356
3.97000000 -1.44123892 0.06183369 -1.41290577 0.06080542
3.98000000 -1.44062058 0.07624608 -1.41222708 0.07493120
3.99000000 -1.43985812 0.09065229 -1.41140717 0.08904949
4.00000000 -1.43895160 0.10505087 -1.41044612 0.10315887
4.01000000 -1.43790109 0.11944038 -1.40934402 0.11725794
4.02000000 -1.43670669 0.13381940 -1.40810100 0.13134529
4.03000000 -1.43536849 0.14818646 -1.40671716 0.14541949
4.04000000 -1.43388663 0.16254015 -1.40519266 0.15947916
4.05000000 -1.43226123 0.17687901 -1.40352763 0.17352288
4.06000000 -1.43049243 0.19120163 -1.40172226 0.18754924
4.07000000 -1.42858042 0.20550655 -1.39977671 0.20155686
4.08000000 -1.42652535 0.21979235 -1.39769119 0.21554431
4.09000000 -1.42432743 0.23405761 -1.39546589 0.22951021
4.10000000 -1.42198685 0.24830088 -1.39310106 0.24345316
4.11000000 -1.41950384 0.26252075 -1.39059691 0.25737177
4.12000000 -1.41687864 0.27671579 -1.38795371 0.27126464
4.13000000 -1.41411148 0.29088458 -1.38517171 0.28513038
4.14000000 -1.41120263 0.30502569 -1.38225120 0.29896761
4.15000000 -1.40815238 0.31913772 -1.37919246 0.31277495
4.16000000 -1.40496100 0.33321924 -1.37599580 0.32655100
4.17000000 -1.40162881 0.34726885 -1.37266155 0.34029440
4.18000000 -1.39815612 0.36128514 -1.36919003 0.35400377
4.19000000 -1.39454327 0.37526670 -1.36558159 0.36767775
4.20000000 -1.39079060 0.38921213 -1.36183659 0.38131495
4.21000000 -1.38689848 0.40312004 -1.35795542 0.39491402
4.22000000 -1.38286728 0.41698902 -1.35393844 0.40847361
4.23000000 -1.37869739 0.43081770 -1.34978608 0.42199234
4.24000000 -1.37438921 0.44460467 -1.34549874 0.43546888
4.25000000 -1.36994316 0.45834856 -1.34107685 0.44890187
4.26000000 -1.36535968 0.47204799 -1.33652085 0.46228997
4.27000000 -1.36063920 0.48570159 -1.33183120 0.47563184
4.28000000 -1.35578218 0.49930798 -1.32700837 0.48892615
4.29000000 -1.35078910 0.51286580 -1.32205284 0.50217156
4.30000000 -1.34566045 0.52637370 -1.31696511 0.51536676
4.31000000 -1.34039671 0.53983030 -1.31174568 0.52851043
4.32000000 -1.33499841 0.55323427 -1.30639508 0.54160124
4.33000000 -1.32946606 0.56658425 -1.30091384 0.55463789
4.34000000 -1.32380022 0.57987891 -1.29530250 0.56761908
4.35000000 -1.31800143 0.59311691 -1.28956164 0.58054351
4.36000000 -1.31207026 0.60629693 -1.28369183 0.59340989
4.37000000 -1.30600729 0.61941763 -1.27769364 0.60621692
4.38000000 -1.29981312 0.63247770 -1.27156769 0.61896333
4.39000000 -1.29348834 0.64547583 -1.26531458 0.63164785
4.40000000 -1.28703358 0.65841072 -1.25893494 0.64426920
4.41000000 -1.28044947 0.67128105 -1.25242941 0.65682613
4.42000000 -1.27373666 0.68408555 -1.24579864 0.66931737
4.43000000 -1.26689581 0.69682292 -1.23904329 0.68174169
4.44000000 -1.25992758 0.70949187 -1.23216403 0.69409783
4.45000000 -1.25283266 0.72209115 -1.22516156 0.70638456
4.46000000 -1.24561175 0.73461948 -1.21803658 0.71860065
4.47000000 -1.23826555 0.74707559 -1.21078979 0.73074488
4.48000000 -1.23079480 0.75945825 -1.20342192 0.74281604
4.49000000 -1.22320022 0.77176620 -1.19593372 0.75481292
4.50000000 -1.21548255 0.78399820 -1.18832592 0.76673432
4.51000000 -1.20764257 0.79615302 -1.18059929 0.77857904
4.52000000 -1.19968104 0.80822945 -1.17275460 0.79034591
4.53000000 -1.19159875 0.82022626 -1.16479263 0.80203374
4.54000000 -1.18339648 0.83214225 -1.15671419 0.81364137
4.55000000 -1.17507506 0.84397621 -1.14852007 0.82516764
4.56000000 -1.16663530 0.85572696 -1.14021111 0.83661139
4.57000000 -1.15807803 0.86739332 -1.13178813 0.84797148
4.58000000 -1.14940410 0.87897410 -1.12325196 0.85924678
4.59000000 -1.14061436 0.89046814 -1.11460348 0.87043615
4.60000000 -1.13170967 0.90187428 -1.10584353 0.88153848
4.61000000 -1.12269093 0.91319138 -1.09697300 0.89255265
4.62000000 -1.11355902 0.92441829 -1.08799278 0.90347757
4.63000000 -1.10431483 0.93555388 -1.07890375 0.91431214
4.64000000 -1.09495930 0.94659703 -1.06970684 0.92505529
4.65000000 -1.08549333 0.95754662 -1.06040295 0.93570592
4.66000000 -1.07591786 0.96840155 -1.05099303 0.94626299
4.67000000 -1.06623384 0.97916073 -1.04147801 0.95672543
4.68000000 -1.05644224 0.98982307 -1.03185884 0.96709221
4.69000000 -1.04654401 1.00038749 -1.02213649 0.97736227
4.70000000 -1.03654013 1.01085293 -1.01231192 0.98753459
4.71000000 -1.02643160 1.02121833 -1.00238612 0.99760817
4.72000000 -1.01621942 1.03148265 -0.99236009 1.00758198
4.73000000 -1.00590459 1.04164484 -0.98223482 1.01745504
4.74000000 -0.99548814 1.05170389 -0.97201133 1.02722635
4.75000000 -0.98497110 1.06165877 -0.96169064 1.03689494
4.76000000 -0.97435452 1.07150848 -0.95127378 1.04645984
4.77000000 -0.96363943 1.08125203 -0.94076179 1.05592010
4.78000000 -0.95282691 1.09088842 -0.93015573 1.06527477
4.79000000 -0.94191803 1.10041669 -0.91945665 1.07452290
4.80000000 -0.93091386 1.10983587 -0.90866563 1.08366359
4.81000000 -0.91981550 1.11914501 -0.89778374 1.09269591
4.82000000 -0.90862405 1.12834316 -0.88681207 1.10161897
4.83000000 -0.89734062 1.13742940 -0.87575173 1.11043186
4.84000000 -0.88596633 1.14640281 -0.86460380 1.11913371
4.85000000 -0.87450230 1.15526247 -0.85336942 1.12772365
4.86000000 -0.86294967 1.16400750 -0.84204971 1.13620081
4.87000000 -0.85130960 1.17263699 -0.83064579 1.14456436
4.88000000 -0.83958323 1.18115009 -0.81915880 1.15281345
4.89000000 -0.82777173 1.18954592 -0.80758990 1.16094726
4.90000000 -0.81587627 1.19782364 -0.79594024 1.16896498
4.91000000 -0.80389803 1.20598240 -0.78421099 1.17686580
4.92000000 -0.79183821 1.21402138 -0.77240332 1.18464894
4.93000000 -0.77969799 1.22193976 -0.76051841 1.19231361
4.94000000 -0.76747860 1.22973674 -0.74855744 1.19985906
4.95000000 -0.75518123 1.23741153 -0.73652163 1.20728451
4.96000000 -0.74280711 1.24496334 -0.72441216 1.21458924
4.97000000 -0.73035748 1.25239141 -0.71223025 1.22177251
4.98000000 -0.71783357 1.25969499 -0.69997711 1.22883361
4.99000000 -0.70523662 1.26687332 -0.68765398 1.23577182
5.00000000 -0.69256788 1.27392569 -0.67526209 1.24258646
5.01000000 -0.67982863 1.28085137 -0.66280267 1.24927684
5.02000000 -0.66702011 1.28764966 -0.65027697 1.25584229
5.03000000 -0.65414362 1.29431986 -0.63768624 1.26228216
5.04000000 -0.64120042 1.30086129 -0.62503175 1.26859580
5.05000000 -0.62819180 1.30727330 -0.61231475 1.27478259
5.06000000 -0.61511907 1.31355521 -0.59953652 1.28084190
5.07000000 -0.60198352 1.31970641 -0.58669834 1.28677312
5.08000000 -0.58878645 1.32572624 -0.57380149 1.29257567
5.09000000 -0.57552919 1.33161411 -0.56084725 1.29824896
5.10000000 -0.56221305 1.33736940 -0.54783694 1.30379243
5.11000000 -0.54883936 1.34299153 -0.53477184 1.30920551
5.12000000 -0.53540944 1.34847992 -0.52165327 1.31448768
5.13000000 -0.52192464 1.35383402 -0.50848253 1.31963841
5.14000000 -0.50838630 1.35905326 -0.49526094 1.32465716
5.15000000 -0.49479577 1.36413713 -0.48198982 1.32954346
5.16000000 -0.48115440 1.36908508 -0.46867051 1.33429680
5.17000000 -0.46746355 1.37389663 -0.45530433 1.33891671
5.18000000 -0.45372458 1.37857126 -0.44189262 1.34340274
5.19000000 -0.43993887 1.38310851 -0.42843673 1.34775442
5.20000000 -0.42610778 1.38750790 -0.41493798 1.35197133
5.21000000 -0.41223271 1.39176897 -0.40139775 1.35605304
5.22000000 -0.39831502 1.39589130 -0.38781738 1.35999915
5.23000000 -0.38435610 1.39987445 -0.37419822 1.36380926
5.24000000 -0.37035736 1.40371801 -0.36054165 1.36748299
5.25000000 -0.35632018 1.40742159 -0.34684902 1.37101997
5.26000000 -0.34224596 1.41098479 -0.33312170 1.37441985
5.27000000 -0.32813611 1.41440725 -0.31936108 1.37768229
5.28000000 -0.31399204 1.41768861 -0.30556852 1.38080697
5.29000000 -0.29981516 1.42082853 -0.29174540 1.38379356
5.30000000 -0.28560687 1.42382668 -0.27789311 1.38664178
5.31000000 -0.27136860 1.42668275 -0.26401302 1.38935133
5.32000000 -0.25710178 1.42939644 -0.25010654 1.39192195
5.33000000 -0.24280781 1.43196745 -0.23617505 1.39435338
5.34000000 -0.22848814 1.43439553 -0.22221994 1.39664537
5.35000000 -0.21414418 1.43668041 -0.20824261 1.39879770
5.36000000 -0.19977738 1.43882185 -0.19424445 1.40081016
5.37000000 -0.18538916 1.44081963 -0.18022687 1.40268253
5.38000000 -0.17098096 1.44267352 -0.16619127 1.40441463
5.39000000 -0.15655423 1.44438333 -0.15213905 1.40600630
5.40000000 -0.14211039 1.44594887 -0.13807161 1.40745736
5.41000000 -0.12765091 1.44736998 -0.12399037 1.40876768
5.42000000 -0.11317721 1.44864649 -0.10989673 1.40993713
5.43000000 -0.09869074 1.44977826 -0.09579210 1.41096558
5.44000000 -0.08419296 1.45076516 -0.08167789 1.41185294
5.45000000 -0.06968531 1.45160709 -0.06755551 1.41259911
5.46000000 -0.05516924 1.45230395 -0.05342637 1.41320403
5.47000000 -0.04064620 1.45285564 -0.03929190 1.41366762
5.48000000 -0.02611764 1.45326210 -0.02515349 1.41398985
5.49000000 -0.01158502 1.45352328 -0.01101257 1.41417068
5.50000000 0.00295021 1.45363913 0.00312945 1.41421010
5.51000000 0.01748661 1.45360963 0.01727116 1.41410810
5.52000000 0.03202270 1.45343476 0.03141114 1.41386468
5.53000000 0.04655705 1.45311453 0.04554798 1.41347988
5.54000000 0.06108819 1.45264896 0.05968027 1.41295374
5.55000000 0.07561468 1.45203808 0.07380658 1.41228630
5.56000000 0.09013506 1.45128193 0.08792552 1.41147763
5.57000000 0.10464788 1.45038058 0.10203567 1.41052782
5.58000000 0.11915169 1.44933410 0.11613561 1.40943695
5.59000000 0.13364503 1.44814259 0.13022394 1.40820514
5.60000000 0.14812646 1.44680614 0.14429924 1.40683252
5.61000000 0.16259452 1.44532487 0.15836012 1.40531921
5.62000000 0.17704777 1.44369893 0.17240516 1.40366537
5.63000000 0.19148476 1.44192845 0.18643296 1.40187116
5.64000000 0.20590404 1.44001360 0.20044211 1.39993677
5.65000000 0.22030418 1.43795456 0.21443122 1.39786239
5.66000000 0.23468372 1.43575152 0.22839889 1.39564822
5.67000000 0.24904124 1.43340468 0.24234372 1.39329448
5.68000000 0.26337528 1.43091427 0.25626432 1.39080142
5.69000000 0.27768443 1.42828052 0.27015929 1.38816928
5.70000000 0.29196723 1.42550367 0.28402724 1.38539833
5.71000000 0.30622227 1.42258400 0.29786679 1.38248883
5.72000000 0.32044811 1.41952178 0.31167656 1.37944109
5.73000000 0.33464333 1.41631730 0.32545516 1.37625541
5.74000000 0.34880650 1.41297086 0.33920121 1.37293210
5.75000000 0.36293621 1.40948280 0.35291334 1.36947149
5.76000000 0.37703104 1.40585344 0.36659018 1.36587395
5.77000000 0.39108957 1.40208313 0.38023036 1.36213981
5.78000000 0.40511040 1.39817223 0.39383252 1.35826947
5.79000000 0.41909212 1.39412113 0.40739530 1.35426329
5.80000000 0.43303334 1.38993021 0.42091734 1.35012170
5.81000000 0.44693264 1.38559987 0.43439728 1.34584509
5.82000000 0.46078864 1.38113055 0.44783379 1.34143390
5.83000000 0.47459994 1.37652266 0.46122551 1.33688856
5.84000000 0.48836517 1.37177666 0.47457112 1.33220954
5.85000000 0.50208294 1.36689301 0.48786926 1.32739730
5.86000000 0.51575187 1.36187218 0.50111862 1.32245232
5.87000000 0.52937059 1.35671466 0.51431787 1.31737509
5.88000000 0.54293773 1.35142095 0.52746568 1.31216613
5.89000000 0.55645194 1.34599158 0.54056075 1.30682595
5.90000000 0.56991186 1.34042706 0.55360177 1.30135510
5.91000000 0.58331613 1.33472794 0.56658742 1.29575410
5.92000000 0.59666341 1.32889478 0.57951642 1.29002354
5.93000000 0.60995236 1.32292814 0.59238746 1.28416397
5.94000000 0.62318164 1.31682862 0.60519927 1.27817598
5.95000000 0.63634992 1.31059680 0.61795055 1.27206018
5.96000000 0.64945589 1.30423330 0.63064005 1.26581718
5.97000000 0.66249823 1.29773875 0.64326648 1.25944759
5.98000000 0.67547561 1.29111376 0.65582858 1.25295206
5.99000000 0.68838675 1.28435901 0.66832510 1.24633124
6.00000000 0.70123034 1.27747514 0.68075479 1.23958578
6.01000000 0.71400509 1.27046284 0.69311640 1.23271637
6.02000000 0.72670972 1.26332279 0.70540870 1.22572369
6.03000000 0.73934295 1.25605569 0.71763047 1.21860843
6.04000000 0.75190350 1.24866226 0.72978047 1.21137132
6.05000000 0.76439013 1.24114322 0.74185749 1.20401307
6.06000000 0.77680156 1.23349932 0.75386033 1.19653442
6.07000000 0.78913655 1.22573131 0.76578778 1.18893611
6.08000000 0.80139387 1.21783994 0.77763865 1.18121891
6.09000000 0.81357227 1.20982600 0.78941176 1.17338360
6.10000000 0.82567053 1.20169028 0.80110593 1.16543094
6.11000000 0.83768743 1.19343357 0.81271999 1.15736175
6.12000000 0.84962176 1.18505670 0.82425278 1.14917681
6.13000000 0.86147233 1.17656048 0.83570315 1.14087696
6.14000000 0.87323794 1.16794576 0.84706994 1.13246303
6.15000000 0.88491739 1.15921338 0.85835203 1.12393585
6.16000000 0.89650953 1.15036421 0.86954828 1.11529627
6.17000000 0.90801317 1.14139911 0.88065758 1.10654517
6.18000000 0.91942716 1.13231898 0.89167882 1.09768342
6.19000000 0.93075035 1.12312471 0.90261089 1.08871189
6.20000000 0.94198160 1.11381720 0.91345269 1.07963150
6.21000000 0.95311977 1.10439739 0.92420316 1.07044314
6.22000000 0.96416374 1.09486619 0.93486120 1.06114774
6.23000000 0.97511241 1.08522455 0.94542576 1.05174623
6.24000000 0.98596465 1.07547343 0.95589577 1.04223954
6.25000000 0.99671938 1.06561378 0.96627020 1.03262863
6.26000000 1.00737552 1.05564659 0.97654800 1.02291446
6.27000000 1.01793199 1.04557283 0.98672815 1.01309800
6.28000000 1.02838772 1.03539351 0.99680963 1.00318023
6.29000000 1.03874165 1.02510964 1.00679142 0.99316214
6.30000000 1.04899275 1.01472222 1.01667254 0.98304474
6.31000000 1.05913997 1.00423229 1.02645199 0.97282903
6.32000000 1.06918229 0.99364089 1.03612879 0.96251604
6.33000000 1.07911870 0.98294907 1.04570199 0.95210680
6.34000000 1.08894819 0.97215788 1.05517061 0.94160235
6.35000000 1.09866977 0.96126840 1.06453372 0.93100374
6.36000000 1.10828246 0.95028170 1.07379038 0.92031203
6.37000000 1.11778527 0.93919888 1.08293965 0.90952829
6.38000000 1.12717726 0.92802103 1.09198064 0.89865360
6.39000000 1.13645747 0.91674925 1.10091243 0.88768904
6.40000000 1.14562496 0.90538468 1.10973412 0.87663571
6.41000000 1.15467881 0.89392843 1.11844485 0.86549473
6.42000000 1.16361810 0.88238164 1.12704373 0.85426719
6.43000000 1.17244191 0.87074546 1.13552991 0.84295423
6.44000000 1.18114937 0.85902104 1.14390253 0.83155697
6.45000000 1.18973958 0.84720955 1.15216077 0.82007656
6.46000000 1.19821167 0.83531215 1.16030379 0.80851414
6.47000000 1.20656479 0.82333003 1.16833078 0.79687087
6.48000000 1.21479809 0.81126439 1.17624094 0.78514791
6.49000000 1.22291074 0.79911641 1.18403348 0.77334644
6.50000000 1.23090190 0.78688730 1.19170761 0.76146764
6.51000000 1.23877078 0.77457828 1.19926258 0.74951269
6.52000000 1.24651656 0.76219057 1.20669762 0.73748279
6.53000000 1.25413846 0.74972541 1.21401199 0.72537914
6.54000000 1.26163572 0.73718402 1.22120496 0.71320295
6.55000000 1.26900756 0.72456766 1.22827581 0.70095544
6.56000000 1.27625323 0.71187759 1.23522383 0.68863784
6.57000000 1.28337201 0.69911506 1.24204834 0.67625138
6.58000000 1.29036316 0.68628134 1.24874864 0.66379729
6.59000000 1.29722597 0.67337770 1.25532406 0.65127682
6.60000000 1.30395975 0.66040544 1.26177396 0.63869123
6.61000000 1.31056381 0.64736585 1.26809767 0.62604176
6.62000000 1.31703746 0.63426021 1.27429458 0.61332970
6.63000000 1.32338007 0.62108983 1.28036406 0.60055630
6.64000000 1.32959096 0.60785603 1.28630551 0.58772284
6.65000000 1.33566953 0.59456012 1.29211832 0.57483062
6.66000000 1.34161513 0.58120343 1.29780193 0.56188091
6.67000000 1.34742716 0.56778728 1.30335575 0.54887501
6.68000000 1.35310503 0.55431301 1.30877925 0.53581423
6.69000000 1.35864816 0.54078196 1.31407186 0.52269986
6.70000000 1.36405598 0.52719547 1.31923307 0.50953323
6.71000000 1.36932794 0.51355491 1.32426236 0.49631564
6.72000000 1.37446349 0.49986163 1.32915922 0.48304842
6.73000000 1.37946210 0.48611700 1.33392316 0.46973290
6.74000000 1.38432327 0.47232238 1.33855372 0.45637040
6.75000000 1.38904650 0.45847915 1.34305042 0.44296227
6.76000000 1.39363129 0.44458868 1.34741282 0.42950984
6.77000000 1.39807718 0.43065237 1.35164047 0.41601446
6.78000000 1.40238370 0.41667160 1.35573297 0.40247748
6.79000000 1.40655042 0.40264776 1.35968989 0.38890026
6.80000000 1.41057689 0.38858226 1.36351084 0.37528414
6.81000000 1.41446272 0.37447649 1.36719545 0.36163049
6.82000000 1.41820748 0.36033186 1.37074333 0.34794069
6.83000000 1.42181080 0.34614978 1.37415414 0.33421608
6.84000000 1.42527230 0.33193168 1.37742754 0.32045806
6.85000000 1.42859161 0.31767895 1.38056320 0.30666799
6.86000000 1.43176840 0.30339304 1.38356080 0.29284726
6.87000000 1.43480233 0.28907535 1.38642005 0.27899724
6.88000000 1.43769309 0.27472733 1.38914065 0.26511932
6.89000000 1.44044036 0.26035040 1.39172234 0.25121489
6.90000000 1.44304386 0.24594600 1.39416486 0.23728534
6.91000000 1.44550332 0.23151556 1.39646797 0.22333206
6.92000000 1.44781848 0.21706052 1.39863143 0.20935644
6.93000000 1.44998908 0.20258234 1.40065503 0.19535989
6.94000000 1.45201491 0.18808245 1.40253856 0.18134381
6.95000000 1.45389573 0.17356230 1.40428185 0.16730959
6.96000000 1.45563136 0.15902334 1.40588470 0.15325864
6.97000000 1.45722159 0.14446703 1.40734697 0.13919236
6.98000000 1.45866626 0.12989481 1.40866850 0.12511217
6.99000000 1.45996521 0.11530815 1.40984917 0.11101946
7.00000000 1.46111829 0.10070850 1.41088885 0.09691566
7.01000000 1.46212537 0.08609731 1.41178745 0.08280216
7.02000000 1.46298635 0.07147606 1.41254487 0.06868038
7.03000000 1.46370111 0.05684620 1.41316103 0.05455173
7.04000000 1.46426957 0.04220919 1.41363589 0.04041763
7.05000000 1.46469166 0.02756649 1.41396937 0.02627948
7.06000000 1.46496733 0.01291957 1.41416147 0.01213871
7.07000000 1.46509652 -0.00173010 1.41421214 -0.00200327
7.08000000 1.46507922 -0.01638106 1.41412140 -0.01614506
7.09000000 1.46491541 -0.03103186 1.41388925 -0.03028523
7.10000000 1.46460509 -0.04568101 1.41351571 -0.04442237
7.11000000 1.46414828 -0.06032706 1.41300082 -0.05855507
7.12000000 1.46354501 -0.07496854 1.41234462 -0.07268192
7.13000000 1.46279533 -0.08960399 1.41154720 -0.08680150
7.14000000 1.46189929 -0.10423195 1.41060862 -0.10091239
7.15000000 1.46085697 -0.11885094 1.40952899 -0.11501320
7.16000000 1.45966846 -0.13345951 1.40830840 -0.12910250
7.17000000 1.45833386 -0.14805620 1.40694698 -0.14317890
7.18000000 1.45685330 -0.16263953 1.40544487 -0.15724097
7.19000000 1.45522690 -0.17720807 1.40380221 -0.17128733
7.20000000 1.45345482 -0.19176034 1.40201918 -0.18531655
7.21000000 1.45153722 -0.20629488 1.40009594 -0.19932724
7.22000000 1.44947427 -0.22081026 1.39803270 -0.21331800
7.23000000 1.44726617 -0.23530500 1.39582965 -0.22728743
7.24000000 1.44491312 -0.24977766 1.39348703 -0.24123413
7.25000000 1.44241534 -0.26422679 1.39100505 -0.25515671
7.26000000 1.43977307 -0.27865095 1.38838398 -0.26905377
7.27000000 1.43698657 -0.29304868 1.38562407 -0.28292392
7.28000000 1.43405608 -0.30741854 1.38272559 -0.29676579
7.29000000 1.43098189 -0.32175910 1.37968885 -0.31057797
7.30000000 1.42776430 -0.33606892 1.37651414 -0.32435910
7.31000000 1.42440361 -0.35034656 1.37320178 -0.33810780
7.32000000 1.42090015 -0.36459060 1.36975209 -0.35182268
7.33000000 1.41725424 -0.37879960 1.36616544 -0.36550238
7.34000000 1.41346624 -0.39297214 1.36244217 -0.37914553
7.35000000 1.40953652 -0.40710681 1.35858266 -0.39275077
7.36000000 1.40546546 -0.42120217 1.35458728 -0.40631673
7.37000000 1.40125343 -0.43525683 1.35045646 -0.41984207
7.38000000 1.39690087 -0.44926936 1.34619058 -0.43332541
7.39000000 1.39240817 -0.46323837 1.34179009 -0.44676543
7.40000000 1.38777579 -0.47716245 1.33725542 -0.46016077
7.41000000 1.38300416 -0.49104021 1.33258703 -0.47351009
7.42000000 1.37809376 -0.50487025 1.32778538 -0.48681206
7.43000000 1.37304506 -0.51865119 1.32285095 -0.50006536
7.44000000 1.36785855 -0.53238164 1.31778424 -0.51326864
7.45000000 1.36253473 -0.54606022 1.31258575 -0.52642060
7.46000000 1.35707413 -0.55968557 1.30725600 -0.53951992
7.47000000 1.35147727 -0.57325631 1.30179553 -0.55256529
7.48000000 1.34574471 -0.58677109 1.29620488 -0.56555540
7.49000000 1.33987700 -0.60022853 1.29048461 -0.57848895
7.50000000 1.33387471 -0.61362730 1.28463529 -0.59136466
7.51000000 1.32773844 -0.62696605 1.27865752 -0.60418123
7.52000000 1.32146878 -0.64024343 1.27255187 -0.61693738
7.53000000 1.31506635 -0.65345812 1.26631897 -0.62963184
7.54000000 1.30853176 -0.66660879 1.25995944 -0.64226334
7.55000000 1.30186568 -0.67969410 1.25347392 -0.65483061
7.56000000 1.29506874 -0.69271276 1.24686305 -0.66733240
7.57000000 1.28814161 -0.70566345 1.24012750 -0.67976746
7.58000000 1.28108497 -0.71854486 1.23326793 -0.69213454
7.59000000 1.27389952 -0.73135571 1.22628503 -0.70443240
7.60000000 1.26658597 -0.74409471 1.21917951 -0.71665983
7.61000000 1.25914502 -0.75676057 1.21195208 -0.72881559
7.62000000 1.25157741 -0.76935202 1.20460345 -0.74089847
7.63000000 1.24388389 -0.78186779 1.19713435 -0.75290726
7.64000000 1.23606522 -0.79430663 1.18954555 -0.76484076
7.65000000 1.22812215 -0.80666728 1.18183779 -0.77669777
7.66000000 1.22005548 -0.81894851 1.17401186 -0.78847712
7.67000000 1.21186599 -0.83114906 1.16606852 -0.80017762
7.68000000 1.20355450 -0.84326772 1.15800857 -0.81179810
7.69000000 1.19512182 -0.85530326 1.14983282 -0.82333740
7.70000000 1.18656879 -0.86725448 1.14154210 -0.83479437
7.71000000 1.17789625 -0.87912017 1.13313721 -0.84616786
7.72000000 1.16910505 -0.89089913 1.12461902 -0.85745674
7.73000000 1.16019605 -0.90259018 1.11598837 -0.86865987
7.74000000 1.15117015 -0.91419214 1.10724611 -0.87977613
7.75000000 1.14202823 -0.92570385 1.09839314 -0.89080442
7.76000000 1.13277119 -0.93712413 1.08943032 -0.90174363
7.77000000 1.12339995 -0.94845184 1.08035856 -0.91259267
7.78000000 1.11391543 -0.95968584 1.07117877 -0.92335044
7.79000000 1.10431857 -0.97082499 1.06189186 -0.93401588
7.80000000 1.09461032 -0.98186818 1.05249877 -0.94458792
7.81000000 1.08479164 -0.99281428 1.04300042 -0.95506551
7.82000000 1.07486350 -1.00366220 1.03339777 -0.96544759
7.83000000 1.06482688 -1.01441083 1.02369179 -0.97573312
7.84000000 1.05468277 -1.02505910 1.01388344 -0.98592108
7.85000000 1.04443218 -1.03560593 1.00397370 -0.99601045
7.86000000 1.03407612 -1.04605025 0.99396356 -1.00600022
7.87000000 1.02361562 -1.05639101 0.98385403 -1.01588939
7.88000000 1.01305171 -1.06662717 0.97364611 -1.02567697
7.89000000 1.00238543 -1.07675769 0.96334083 -1.03536199
7.90000000 0.99161786 -1.08678154 0.95293922 -1.04494347
7.91000000 0.98075004 -1.09669772 0.94244231 -1.05442045
7.92000000 0.96978307 -1.10650522 0.93185116 -1.06379200
7.93000000 0.95871801 -1.11620305 0.92116682 -1.07305717
7.94000000 0.94755598 -1.12579023 0.91039037 -1.08221503
7.95000000 0.93629808 -1.13526579 0.89952288 -1.09126467
7.96000000 0.92494542 -1.14462877 0.88856544 -1.10020519
7.97000000 0.91349913 -1.15387823 0.87751915 -1.10903568
7.98000000 0.90196035 -1.16301322 0.86638510 -1.11775528
7.99000000 0.89033022 -1.17203282 0.85516441 -1.12636310
8.00000000 0.87860989 -1.18093612 0.84385821 -1.13485828
8.01000000 0.86680053 -1.18972222 0.83246763 -1.14323998
8.02000000 0.85490331 -1.19839023 0.82099379 -1.15150736
8.03000000 0.84291941 -1.20693926 0.80943786 -1.15965958
8.04000000 0.83085001 -1.21536845 0.79780099 -1.16769584
8.05000000 0.81869633 -1.22367695 0.78608434 -1.17561534
8.06000000 0.80645956 -1.23186392 0.77428907 -1.18341727
8.07000000 0.79414092 -1.23992851 0.76241638 -1.19110086
8.08000000 0.78174164 -1.24786992 0.75046745 -1.19866534
8.09000000 0.76926294 -1.25568734 0.73844348 -1.20610996
8.10000000 0.75670606 -1.26337997 0.72634566 -1.21343396
8.11000000 0.74407226 -1.27094703 0.71417520 -1.22063663
8.12000000 0.73136279 -1.27838775 0.70193333 -1.22771723
8.13000000 0.71857892 -1.28570138 0.68962127 -1.23467506
8.14000000 0.70572190 -1.29288717 0.67724024 -1.24150943
8.15000000 0.69279303 -1.29994439 0.66479149 -1.24821964
8.16000000 0.67979359 -1.30687232 0.65227626 -1.25480503
8.17000000 0.66672486 -1.31367025 0.63969581 -1.26126495
8.18000000 0.65358816 -1.32033750 0.62705139 -1.26759874
8.19000000 0.64038478 -1.32687338 0.61434426 -1.27380577
8.20000000 0.62711605 -1.33327723 0.60157570 -1.27988542
8.21000000 0.61378328 -1.33954839 0.58874698 -1.28583708
8.22000000 0.60038779 -1.34568623 0.57585938 -1.29166016
8.23000000 0.58693093 -1.35169010 0.56291420 -1.29735408
8.24000000 0.57341403 -1.35755941 0.54991273 -1.30291826
8.25000000 0.55983844 -1.36329355 0.53685627 -1.30835215
8.26000000 0.54620550 -1.36889194 0.52374613 -1.31365520
8.27000000 0.53251658 -1.37435399 0.51058361 -1.31882690
8.28000000 0.51877304 -1.37967916 0.49737003 -1.32386671
8.29000000 0.50497625 -1.38486689 0.48410671 -1.32877413
8.30000000 0.49112758 -1.38991665 0.47079499 -1.33354868
8.31000000 0.47722842 -1.39482793 0.45743618 -1.33818987
8.32000000 0.46328014 -1.39960021 0.44403164 -1.34269725
8.33000000 0.44928413 -1.40423301 0.43058269 -1.34707036
8.34000000 0.43524180 -1.40872585 0.41709068 -1.35130876
8.35000000 0.42115455 -1.41307827 0.40355696 -1.35541203
8.36000000 0.40702376 -1.41728982 0.38998289 -1.35937976
8.37000000 0.39285086 -1.42136006 0.37636982 -1.36321156
8.38000000 0.37863726 -1.42528856 0.36271911 -1.36690704
8.39000000 0.36438438 -1.42907494 0.34903214 -1.37046582
8.40000000 0.35009363 -1.43271878 0.33531025 -1.37388756
8.41000000 0.33576644 -1.43621972 0.32155484 -1.37717192
8.42000000 0.32140424 -1.43957738 0.30776727 -1.38031855
8.43000000 0.30700847 -1.44279142 0.29394893 -1.38332716
8.44000000 0.29258056 -1.44586151 0.28010119 -1.38619743
8.45000000 0.27812194 -1.44878731 0.26622544 -1.38892909
8.46000000 0.26363407 -1.45156853 0.25232307 -1.39152185
8.47000000 0.24911838 -1.45420487 0.23839547 -1.39397547
8.48000000 0.23457633 -1.45669606 0.22444403 -1.39628968
8.49000000 0.22000937 -1.45904182 0.21047014 -1.39846427
8.50000000 0.20541896 -1.46124191 0.19647521 -1.40049902
8.51000000 0.19080654 -1.46329610 0.18246063 -1.40239371
8.52000000 0.17617357 -1.46520417 0.16842780 -1.40414817
8.53000000 0.16152153 -1.46696591 0.15437813 -1.40576221
8.54000000 0.14685187 -1.46858112 0.14031303 -1.40723568
8.55000000 0.13216606 -1.47004964 0.12623389 -1.40856842
8.56000000 0.11746557 -1.47137130 0.11214213 -1.40976031
8.57000000 0.10275185 -1.47254596 0.09803915 -1.41081123
8.58000000 0.08802639 -1.47357347 0.08392637 -1.41172106
8.59000000 0.07329066 -1.47445374 0.06980520 -1.41248973
8.60000000 0.05854612 -1.47518664 0.05567705 -1.41311715
8.61000000 0.04379426 -1.47577211 0.04154333 -1.41360325
8.62000000 0.02903653 -1.47621005 0.02740546 -1.41394800
8.63000000 0.01427443 -1.47650041 0.01326484 -1.41415135
8.64000000 -0.00049057 -1.47664316 -0.00087710 -1.41421329
8.65000000 -0.01525700 -1.47663825 -0.01501895 -1.41413381
8.66000000 -0.03002338 -1.47648568 -0.02915930 -1.41391292
8.67000000 -0.04478824 -1.47618545 -0.04329674 -1.41355063
8.68000000 -0.05955010 -1.47573757 -0.05742985 -1.41304700
8.69000000 -0.07430747 -1.47514207 -0.07155721 -1.41240206
8.70000000 -0.08905889 -1.47439899 -0.08567742 -1.41161588
8.71000000 -0.10380288 -1.47350840 -0.09978906 -1.41068854
8.72000000 -0.11853797 -1.47247037 -0.11389072 -1.40962013
8.73000000 -0.13326267 -1.47128499 -0.12798099 -1.40841076
8.74000000 -0.14797552 -1.46995237 -0.14205846 -1.40706055
8.75000000 -0.16267504 -1.46847261 -0.15612173 -1.40556964
8.76000000 -0.17735977 -1.46684586 -0.17016939 -1.40393817
8.77000000 -0.19202823 -1.46507226 -0.18420003 -1.40216631
8.78000000 -0.20667895 -1.46315198 -0.19821224 -1.40025423
8.79000000 -0.22131047 -1.46108519 -0.21220464 -1.39820213
8.80000000 -0.23592132 -1.45887209 -0.22617582 -1.39601021
8.81000000 -0.25051004 -1.45651287 -0.24012438 -1.39367869
8.82000000 -0.26507517 -1.45400777 -0.25404893 -1.39120780
8.83000000 -0.27961525 -1.45135702 -0.26794807 -1.38859779
8.84000000 -0.29412882 -1.44856087 -0.28182042 -1.38584893
8.85000000 -0.30861443 -1.44561958 -0.29566459 -1.38296148
8.86000000 -0.32307062 -1.44253344 -0.30947919 -1.37993573
8.87000000 -0.33749596 -1.43930273 -0.32326285 -1.37677200
8.88000000 -0.35188899 -1.43592777 -0.33701417 -1.37347058
8.89000000 -0.36624826 -1.43240888 -0.35073180 -1.37003183
8.90000000 -0.38057235 -1.42874640 -0.36441435 -1.36645607
8.91000000 -0.39485982 -1.42494067 -0.37806047 -1.36274366
8.92000000 -0.40910922 -1.42099208 -0.39166877 -1.35889498
8.93000000 -0.42331914 -1.41690098 -0.40523791 -1.35491042
8.94000000 -0.43748815 -1.41266779 -0.41876653 -1.35079036
8.95000000 -0.45161483 -1.40829291 -0.43225327 -1.34653522
8.96000000 -0.46569776 -1.40377676 -0.44569678 -1.34214544
8.97000000 -0.47973553 -1.39911979 -0.45909573 -1.33762144
8.98000000 -0.49372673 -1.39432243 -0.47244877 -1.33296368
8.99000000 -0.50766995 -1.38938516 -0.48575456 -1.32817262
9.00000000 -0.52156380 -1.38430846 -0.49901178 -1.32324875
9.01000000 -0.53540689 -1.37909282 -0.51221909 -1.31819255
9.02000000 -0.54919782 -1.37373876 -0.52537519 -1.31300454
9.03000000 -0.56293520 -1.36824678 -0.53847875 -1.30768522
9.04000000 -0.57661767 -1.36261743 -0.55152846 -1.30223514
9.05000000 -0.59024384 -1.35685125 -0.56452301 -1.29665484
9.06000000 -0.60381236 -1.35094881 -0.57746112 -1.29094487
9.07000000 -0.61732185 -1.34491069 -0.59034148 -1.28510581
9.08000000 -0.63077095 -1.33873747 -0.60316281 -1.27913824
9.09000000 -0.64415833 -1.33242976 -0.61592382 -1.27304275
9.10000000 -0.65748262 -1.32598818 -0.62862324 -1.26681996
9.11000000 -0.67074251 -1.31941335 -0.64125980 -1.26047050
9.12000000 -0.68393664 -1.31270592 -0.65383223 -1.25399498
9.13000000 -0.69706370 -1.30586656 -0.66633928 -1.24739407
9.14000000 -0.71012236 -1.29889592 -0.67877970 -1.24066842
9.15000000 -0.72311132 -1.29179470 -0.69115223 -1.23381870
9.16000000 -0.73602927 -1.28456358 -0.70345566 -1.22684560
9.17000000 -0.74887491 -1.27720329 -0.71568874 -1.21974982
9.18000000 -0.76164694 -1.26971454 -0.72785025 -1.21253207
9.19000000 -0.77434408 -1.26209807 -0.73993897 -1.20519306
9.20000000 -0.78696507 -1.25435463 -0.75195371 -1.19773354
9.21000000 -0.79950861 -1.24648498 -0.76389325 -1.19015424
9.22000000 -0.81197346 -1.23848990 -0.77575640 -1.18245593
9.23000000 -0.82435836 -1.23037016 -0.78754197 -1.17463937
9.24000000 -0.83666206 -1.22212658 -0.79924879 -1.16670535
9.25000000 -0.84888333 -1.21375996 -0.81087569 -1.15865466
9.26000000 -0.86102093 -1.20527112 -0.82242150 -1.15048810
9.27000000 -0.87307364 -1.19666091 -0.83388507 -1.14220650
9.28000000 -0.88504025 -1.18793018 -0.84526525 -1.13381068
9.29000000 -0.89691955 -1.17907978 -0.85656090 -1.12530148
9.30000000 -0.90871035 -1.17011058 -0.86777090 -1.11667975
9.31000000 -0.92041145 -1.16102348 -0.87889413 -1.10794635
9.32000000 -0.93202169 -1.15181936 -0.88992946 -1.09910216
9.33000000 -0.94353988 -1.14249914 -0.90087580 -1.09014806
9.34000000 -0.95496487 -1.13306375 -0.91173206 -1.08108494
9.35000000 -0.96629551 -1.12351410 -0.92249714 -1.07191372
9.36000000 -0.97753065 -1.11385114 -0.93316997 -1.06263531
9.37000000 -0.98866916 -1.10407584 -0.94374949 -1.05325063
9.38000000 -0.99970992 -1.09418914 -0.95423464 -1.04376063
9.39000000 -1.01065181 -1.08419204 -0.96462436 -1.03416626
9.40000000 -1.02149373 -1.07408553 -0.97491762 -1.02446847
9.41000000 -1.03223459 -1.06387059 -0.98511339 -1.01466823
9.42000000 -1.04287329 -1.05354824 -0.99521064 -1.00476653
9.43000000 -1.05340878 -1.04311951 -1.00520838 -0.99476435
9.44000000 -1.06383997 -1.03258542 -1.01510560 -0.98466270
9.45000000 -1.07416583 -1.02194702 -1.02490131 -0.97446258
9.46000000 -1.08438530 -1.01120536 -1.03459453 -0.96416501
9.47000000 -1.09449735 -1.00036151 -1.04418429 -0.95377103
9.48000000 -1.10450097 -0.98941654 -1.05366963 -0.94328167
9.49000000 -1.11439513 -0.97837153 -1.06304960 -0.93269799
9.50000000 -1.12417885 -0.96722758 -1.07232328 -0.92202104
9.51000000 -1.13385112 -0.95598579 -1.08148972 -0.91125188
9.52000000 -1.14341098 -0.94464728 -1.09054801 -0.90039160
9.53000000 -1.15285745 -0.93321317 -1.09949725 -0.88944128
9.54000000 -1.16218958 -0.92168459 -1.10833654 -0.87840202
9.55000000 -1.17140643 -0.91006270 -1.11706500 -0.86727492
9.56000000 -1.18050706 -0.89834863 -1.12568175 -0.85606110
9.57000000 -1.18949054 -0.88654356 -1.13418593 -0.84476166
9.58000000 -1.19835598 -0.87464866 -1.14257670 -0.83337776
9.59000000 -1.20710247 -0.86266510 -1.15085321 -0.82191051
9.60000000 -1.21572912 -0.85059407 -1.15901464 -0.81036107
9.61000000 -1.22423506 -0.83843678 -1.16706016 -0.79873060
9.62000000 -1.23261943 -0.82619443 -1.17498898 -0.78702026
9.63000000 -1.24088137 -0.81386824 -1.18280031 -0.77523122
9.64000000 -1.24902005 -0.80145942 -1.19049335 -0.76336465
9.65000000 -1.25703465 -0.78896922 -1.19806734 -0.75142175
9.66000000 -1.26492434 -0.77639888 -1.20552153 -0.73940370
9.67000000 -1.27268833 -0.76374963 -1.21285517 -0.72731172
9.68000000 -1.28032582 -0.75102275 -1.22006753 -0.71514700
9.69000000 -1.28783605 -0.73821949 -1.22715787 -0.70291077
9.70000000 -1.29521825 -0.72534113 -1.23412551 -0.69060425
9.71000000 -1.30247166 -0.71238895 -1.24096973 -0.67822867
9.72000000 -1.30959555 -0.69936423 -1.24768985 -0.66578527
9.73000000 -1.31658919 -0.68626828 -1.25428521 -0.65327529
9.74000000 -1.32345187 -0.67310238 -1.26075514 -0.64069999
9.75000000 -1.33018290 -0.65986787 -1.26709900 -0.62806061
9.76000000 -1.33678157 -0.64656604 -1.27331614 -0.61535843
9.77000000 -1.34324723 -0.63319822 -1.27940596 -0.60259471
9.78000000 -1.34957922 -0.61976575 -1.28536784 -0.58977074
9.79000000 -1.35577687 -0.60626996 -1.29120118 -0.57688778
9.80000000 -1.36183957 -0.59271219 -1.29690540 -0.56394714
9.81000000 -1.36776670 -0.57909379 -1.30247993 -0.55095011
9.82000000 -1.37355763 -0.56541613 -1.30792422 -0.53789798
9.83000000 -1.37921179 -0.55168055 -1.31323771 -0.52479206
9.84000000 -1.38472860 -0.53788843 -1.31841989 -0.51163366
9.85000000 -1.39010748 -0.52404114 -1.32347022 -0.49842410
9.86000000 -1.39534790 -0.51014007 -1.32838820 -0.48516470
9.87000000 -1.40044930 -0.49618659 -1.33317335 -0.47185678
9.88000000 -1.40541116 -0.48218210 -1.33782518 -0.45850168
9.89000000 -1.41023298 -0.46812799 -1.34234323 -0.44510072
9.90000000 -1.41491426 -0.45402566 -1.34672705 -0.43165526
9.91000000 -1.41945452 -0.43987651 -1.35097619 -0.41816663
9.92000000 -1.42385329 -0.42568197 -1.35509024 -0.40463619
9.93000000 -1.42811010 -0.41144344 -1.35906878 -0.39106528
9.94000000 -1.43222454 -0.39716233 -1.36291141 -0.37745526
9.95000000 -1.43619616 -0.38284009 -1.36661776 -0.36380750
9.96000000 -1.44002456 -0.36847813 -1.37018744 -0.35012336
9.97000000 -1.44370934 -0.35407788 -1.37362011 -0.33640421
9.98000000 -1.44725012 -0.33964079 -1.37691542 -0.32265142
9.99000000 -1.45064653 -0.32516829 -1.38007303 -0.30886636
10.00000000 -1.45389821 -0.31066182 -1.38309264 -0.29505042
