0.00000000 1.00000000 1.00000000
0.01000000 -101.00000000 -99.00000000
0.02000000 10199.00000000 9799.00000000
0.03000000 -1029698.99999999 -969701.00000001
0.04000000 103939601.00000000 95940400.99999830
0.05000000 -10489900500.99960000 -9490100498.99970000
0.06000000 1058480150598.97000000 938520149398.95300000
0.07000000 -106786535209297.00000000 -92793534789296.90000000
0.08000000 10771447055718800.00000000 9172566943720190.00000000
0.09000000 -1086317272515580000.00000000 -906485247316321000.00000000
0.10000000 109538212498877000000.00000000 89562207459115000000.00000000
0.11000000 -11043383457346900000000.00000000 -8846682533412430000000.00000000
0.12000000 1113185028268070000000000.00000000 873624869883889000000000.00000000
0.13000000 -112192127696690000000000000.00000000 -86249301960121700000000000.00000000
0.14000000 11305462071628900000000000000.00000000 8512738068315630000000000000.00000000
0.15000000 -1139058945231220000000000000000.00000000 -839968344759935000000000000000.00000000
0.16000000 114745862867879000000000000000000.00000000 82857775530764400000000000000000.00000000
0.17000000 -11557444062318300000000000000000000.00000000 -8171031690208630000000000000000000.00000000
0.18000000 1163915437922030000000000000000000000.00000000 805545724958559000000000000000000000.00000000
0.19000000 -117197089517159000000000000000000000000.00000000 -79390657057935200000000000000000000000.00000000
0.20000000 11799099608774100000000000000000000000000.00000000 7821868616276520000000000000000000000000.00000000
0.21000000 -1187731829493670000000000000000000000000000.00000000 -770387762018872000000000000000000000000000.00000000
0.22000000 119543570711384000000000000000000000000000000.00000000 75851044372392600000000000000000000000000000.00000000
0.23000000 -12030208115510700000000000000000000000000000000.00000000 -7465560866528090000000000000000000000000000000.00000000
0.24000000 1210486372417620000000000000000000000000000000000.00000000 734525878537308000000000000000000000000000000000.00000000
0.25000000 -121783163120297000000000000000000000000000000000000.00000000 -72242101481312700000000000000000000000000000000000.00000000
0.26000000 12250558413510700000000000000000000000000000000000000.00000000 7102426985010770000000000000000000000000000000000000.00000000
0.27000000 -1232158268336050000000000000000000000000000000000000000.00000000 -697992140087568000000000000000000000000000000000000000.00000000
0.28000000 123913818973688000000000000000000000000000000000000000000.00000000 68567055740419700000000000000000000000000000000000000000.00000000
0.29000000 -12459948953108800000000000000000000000000000000000000000000.00000000 -6732791755068330000000000000000000000000000000000000000000.00000000
0.30000000 1252727687065980000000000000000000000000000000000000000000000.00000000 660819226553716000000000000000000000000000000000000000000000.00000000
0.31000000 -125933587933148000000000000000000000000000000000000000000000000.00000000 -64829194968305600000000000000000000000000000000000000000000000.00000000
0.32000000 12658187988283100000000000000000000000000000000000000000000000000.00000000 6356985908897250000000000000000000000000000000000000000000000000.00000000
0.33000000 -1272175784737210000000000000000000000000000000000000000000000000000.00000000 -623040402901430000000000000000000000000000000000000000000000000000.00000000
0.34000000 127840618876626000000000000000000000000000000000000000000000000000000.00000000 61031864505407300000000000000000000000000000000000000000000000000000.00000000
0.35000000 -12845093752168100000000000000000000000000000000000000000000000000000000.00000000 -5975345831664180000000000000000000000000000000000000000000000000000000.00000000
0.36000000 1290484721048510000000000000000000000000000000000000000000000000000000000.00000000 584689489414244000000000000000000000000000000000000000000000000000000000.00000000
0.37000000 -129633161594263000000000000000000000000000000000000000000000000000000000000.00000000 -57178464220377600000000000000000000000000000000000000000000000000000000000.00000000
0.38000000 13020494623646400000000000000000000000000000000000000000000000000000000000000.00000000 5588213260443560000000000000000000000000000000000000000000000000000000000000.00000000
0.39000000 -1307637675625090000000000000000000000000000000000000000000000000000000000000000.00000000 -545800831420701000000000000000000000000000000000000000000000000000000000000000.00000000
0.40000000 131309568393929000000000000000000000000000000000000000000000000000000000000000000.00000000 53272445466444800000000000000000000000000000000000000000000000000000000000000000.00000000
0.41000000 -13184229284859700000000000000000000000000000000000000000000000000000000000000000000.00000000 -5195934978250560000000000000000000000000000000000000000000000000000000000000000000.00000000
0.42000000 1323618863464190000000000000000000000000000000000000000000000000000000000000000000000.00000000 506409268540196000000000000000000000000000000000000000000000000000000000000000000000.00000000
0.43000000 -132868295614959000000000000000000000000000000000000000000000000000000000000000000000000.00000000 -49317307990555700000000000000000000000000000000000000000000000000000000000000000000000.00000000
0.44000000 13336146869486000000000000000000000000000000000000000000000000000000000000000000000000000.00000000 4798862503440650000000000000000000000000000000000000000000000000000000000000000000000000.00000000
0.45000000 -1338413549452040000000000000000000000000000000000000000000000000000000000000000000000000000.00000000 -466550103474560000000000000000000000000000000000000000000000000000000000000000000000000000.00000000
0.46000000 134307905048678000000000000000000000000000000000000000000000000000000000000000000000000000000.00000000 45316596798003700000000000000000000000000000000000000000000000000000000000000000000000000000.00000000
0.47000000 -13476107101666200000000000000000000000000000000000000000000000000000000000000000000000000000000.00000000 -4397351774751770000000000000000000000000000000000000000000000000000000000000000000000000000000.00000000
0.48000000 1352008061941410000000000000000000000000000000000000000000000000000000000000000000000000000000000.00000000 426259070373513000000000000000000000000000000000000000000000000000000000000000000000000000000000.00000000
0.49000000 -135627065264515000000000000000000000000000000000000000000000000000000000000000000000000000000000000.00000000 -41273898975410000000000000000000000000000000000000000000000000000000000000000000000000000000000000.00000000
0.50000000 13603980425426800000000000000000000000000000000000000000000000000000000000000000000000000000000000000.00000000 3991762832276360000000000000000000000000000000000000000000000000000000000000000000000000000000000000.00000000
0.51000000 -1364389805374910000000000000000000000000000000000000000000000000000000000000000000000000000000000000000.00000000 -385572302802216000000000000000000000000000000000000000000000000000000000000000000000000000000000000000.00000000
0.52000000 136824552840290000000000000000000000000000000000000000000000000000000000000000000000000000000000000000000.00000000 37192840474847400000000000000000000000000000000000000000000000000000000000000000000000000000000000000000.00000000
0.53000000 -13719648124504100000000000000000000000000000000000000000000000000000000000000000000000000000000000000000000.00000000 -3582459494644420000000000000000000000000000000000000000000000000000000000000000000000000000000000000000000.00000000
0.54000000 1375547271945040000000000000000000000000000000000000000000000000000000000000000000000000000000000000000000000.00000000 344526301339934000000000000000000000000000000000000000000000000000000000000000000000000000000000000000000000.00000000
0.55000000 -137899253495842000000000000000000000000000000000000000000000000000000000000000000000000000000000000000000000000.00000000 -33077082862048300000000000000000000000000000000000000000000000000000000000000000000000000000000000000000000000.00000000
0.56000000 13823002432446500000000000000000000000000000000000000000000000000000000000000000000000000000000000000000000000000.00000000 3169809032708950000000000000000000000000000000000000000000000000000000000000000000000000000000000000000000000000.00000000
0.57000000 -1385470052277330000000000000000000000000000000000000000000000000000000000000000000000000000000000000000000000000000.00000000 -303157900838440000000000000000000000000000000000000000000000000000000000000000000000000000000000000000000000000000.00000000
0.58000000 138850163128572000000000000000000000000000000000000000000000000000000000000000000000000000000000000000000000000000000.00000000 28930320031566300000000000000000000000000000000000000000000000000000000000000000000000000000000000000000000000000000.00000000
0.59000000 -13913946632888900000000000000000000000000000000000000000000000000000000000000000000000000000000000000000000000000000000.00000000 -2754181840028010000000000000000000000000000000000000000000000000000000000000000000000000000000000000000000000000000000.00000000
0.60000000 1394148845128920000000000000000000000000000000000000000000000000000000000000000000000000000000000000000000000000000000000.00000000 261504237369912000000000000000000000000000000000000000000000000000000000000000000000000000000000000000000000000000000000.00000000
0.61000000 -139676388750266000000000000000000000000000000000000000000000000000000000000000000000000000000000000000000000000000000000000.00000000 -24756274891862300000000000000000000000000000000000000000000000000000000000000000000000000000000000000000000000000000000000.00000000
0.62000000 13992395149918300000000000000000000000000000000000000000000000000000000000000000000000000000000000000000000000000000000000000.00000000 2335951100435940000000000000000000000000000000000000000000000000000000000000000000000000000000000000000000000000000000000000.00000000
0.63000000 -1401575466092230000000000000000000000000000000000000000000000000000000000000000000000000000000000000000000000000000000000000000.00000000 -219602714893674000000000000000000000000000000000000000000000000000000000000000000000000000000000000000000000000000000000000000.00000000
0.64000000 140377149324119000000000000000000000000000000000000000000000000000000000000000000000000000000000000000000000000000000000000000000.00000000 20558696023274900000000000000000000000000000000000000000000000000000000000000000000000000000000000000000000000000000000000000000.00000000
0.65000000 -14058273628435200000000000000000000000000000000000000000000000000000000000000000000000000000000000000000000000000000000000000000000.00000000 -1915492453003370000000000000000000000000000000000000000000000000000000000000000000000000000000000000000000000000000000000000000000.00000000
0.66000000 1407742855296510000000000000000000000000000000000000000000000000000000000000000000000000000000000000000000000000000000000000000000000.00000000 177490971671907000000000000000000000000000000000000000000000000000000000000000000000000000000000000000000000000000000000000000000000.00000000
0.67000000 -140951776501319000000000000000000000000000000000000000000000000000000000000000000000000000000000000000000000000000000000000000000000000.00000000 -16341354311893900000000000000000000000000000000000000000000000000000000000000000000000000000000000000000000000000000000000000000000000.00000000
0.68000000 14111519004443500000000000000000000000000000000000000000000000000000000000000000000000000000000000000000000000000000000000000000000000000.00000000 1493183654688060000000000000000000000000000000000000000000000000000000000000000000000000000000000000000000000000000000000000000000000000.00000000
0.69000000 -1412645084099010000000000000000000000000000000000000000000000000000000000000000000000000000000000000000000000000000000000000000000000000000.00000000 -135206846464362000000000000000000000000000000000000000000000000000000000000000000000000000000000000000000000000000000000000000000000000000.00000000
0.70000000 141399715256363000000000000000000000000000000000000000000000000000000000000000000000000000000000000000000000000000000000000000000000000000000.00000000 12108039562337200000000000000000000000000000000000000000000000000000000000000000000000000000000000000000000000000000000000000000000000000000.00000000
0.71000000 -14152079565198900000000000000000000000000000000000000000000000000000000000000000000000000000000000000000000000000000000000000000000000000000000.00000000 -1069404240977320000000000000000000000000000000000000000000000000000000000000000000000000000000000000000000000000000000000000000000000000000000.00000000
0.72000000 1416277360760920000000000000000000000000000000000000000000000000000000000000000000000000000000000000000000000000000000000000000000000000000000000.00000000 92788344532532300000000000000000000000000000000000000000000000000000000000000000000000000000000000000000000000000000000000000000000000000000000.00000000
0.73000000 -141720524420626000000000000000000000000000000000000000000000000000000000000000000000000000000000000000000000000000000000000000000000000000000000000.00000000 -7862557092492310000000000000000000000000000000000000000000000000000000000000000000000000000000000000000000000000000000000000000000000000000000000.00000000
0.74000000 14179914999155200000000000000000000000000000000000000000000000000000000000000000000000000000000000000000000000000000000000000000000000000000000000000.00000000 644535184828587000000000000000000000000000000000000000000000000000000000000000000000000000000000000000000000000000000000000000000000000000000000000.00000000
0.75000000 -1418636035100350000000000000000000000000000000000000000000000000000000000000000000000000000000000000000000000000000000000000000000000000000000000000000.00000000 -50273603483704300000000000000000000000000000000000000000000000000000000000000000000000000000000000000000000000000000000000000000000000000000000000000.00000000
0.76000000 141913877113520000000000000000000000000000000000000000000000000000000000000000000000000000000000000000000000000000000000000000000000000000000000000000000.00000000 3608724313270060000000000000000000000000000000000000000000000000000000000000000000000000000000000000000000000000000000000000000000000000000000000000000.00000000
0.77000000 -14194996435664800000000000000000000000000000000000000000000000000000000000000000000000000000000000000000000000000000000000000000000000000000000000000000000.00000000 -218958554213491000000000000000000000000000000000000000000000000000000000000000000000000000000000000000000000000000000000000000000000000000000000000000000.00000000
0.78000000 1419718602120680000000000000000000000000000000000000000000000000000000000000000000000000000000000000000000000000000000000000000000000000000000000000000000000.00000000 7700858985684540000000000000000000000000000000000000000000000000000000000000000000000000000000000000000000000000000000000000000000000000000000000000000000.00000000
0.79000000 -141979561071058000000000000000000000000000000000000000000000000000000000000000000000000000000000000000000000000000000000000000000000000000000000000000000000000.00000000 649632703552239000000000000000000000000000000000000000000000000000000000000000000000000000000000000000000000000000000000000000000000000000000000000000000000.00000000
0.80000000 14197306474402400000000000000000000000000000000000000000000000000000000000000000000000000000000000000000000000000000000000000000000000000000000000000000000000000.00000000 -206942831426281000000000000000000000000000000000000000000000000000000000000000000000000000000000000000000000000000000000000000000000000000000000000000000000000.00000000
0.81000000 -1419523704608780000000000000000000000000000000000000000000000000000000000000000000000000000000000000000000000000000000000000000000000000000000000000000000000000000.00000000 34891589617030900000000000000000000000000000000000000000000000000000000000000000000000000000000000000000000000000000000000000000000000000000000000000000000000000.00000000
0.82000000 141917478871261000000000000000000000000000000000000000000000000000000000000000000000000000000000000000000000000000000000000000000000000000000000000000000000000000000.00000000 -4908682666311950000000000000000000000000000000000000000000000000000000000000000000000000000000000000000000000000000000000000000000000000000000000000000000000000000.00000000
0.83000000 -14186839204459500000000000000000000000000000000000000000000000000000000000000000000000000000000000000000000000000000000000000000000000000000000000000000000000000000000.00000000 632785745502463000000000000000000000000000000000000000000000000000000000000000000000000000000000000000000000000000000000000000000000000000000000000000000000000000000.00000000
0.84000000 1418051134700450000000000000000000000000000000000000000000000000000000000000000000000000000000000000000000000000000000000000000000000000000000000000000000000000000000000.00000000 -77465413754707700000000000000000000000000000000000000000000000000000000000000000000000000000000000000000000000000000000000000000000000000000000000000000000000000000000.00000000
0.85000000 -141727648056294000000000000000000000000000000000000000000000000000000000000000000000000000000000000000000000000000000000000000000000000000000000000000000000000000000000000.00000000 9164592510171200000000000000000000000000000000000000000000000000000000000000000000000000000000000000000000000000000000000000000000000000000000000000000000000000000000000.00000000
0.86000000 14163600213119200000000000000000000000000000000000000000000000000000000000000000000000000000000000000000000000000000000000000000000000000000000000000000000000000000000000000.00000000 -1058186899073420000000000000000000000000000000000000000000000000000000000000000000000000000000000000000000000000000000000000000000000000000000000000000000000000000000000000.00000000
0.87000000 -1415301834412870000000000000000000000000000000000000000000000000000000000000000000000000000000000000000000000000000000000000000000000000000000000000000000000000000000000000000.00000000 119982290120458000000000000000000000000000000000000000000000000000000000000000000000000000000000000000000000000000000000000000000000000000000000000000000000000000000000000000.00000000
0.88000000 141410201151163000000000000000000000000000000000000000000000000000000000000000000000000000000000000000000000000000000000000000000000000000000000000000000000000000000000000000000.00000000 -13413530846458400000000000000000000000000000000000000000000000000000000000000000000000000000000000000000000000000000000000000000000000000000000000000000000000000000000000000000.00000000
0.89000000 -14127606584270000000000000000000000000000000000000000000000000000000000000000000000000000000000000000000000000000000000000000000000000000000000000000000000000000000000000000000000.00000000 1482763285797000000000000000000000000000000000000000000000000000000000000000000000000000000000000000000000000000000000000000000000000000000000000000000000000000000000000000000000.00000000
0.90000000 1411277895141150000000000000000000000000000000000000000000000000000000000000000000000000000000000000000000000000000000000000000000000000000000000000000000000000000000000000000000000.00000000 -162403935163971000000000000000000000000000000000000000000000000000000000000000000000000000000000000000000000000000000000000000000000000000000000000000000000000000000000000000000000.00000000
0.91000000 -140965385578954000000000000000000000000000000000000000000000000000000000000000000000000000000000000000000000000000000000000000000000000000000000000000000000000000000000000000000000000.00000000 17651671411538800000000000000000000000000000000000000000000000000000000000000000000000000000000000000000000000000000000000000000000000000000000000000000000000000000000000000000000000.00000000
0.92000000 14078886886484000000000000000000000000000000000000000000000000000000000000000000000000000000000000000000000000000000000000000000000000000000000000000000000000000000000000000000000000000.00000000 -1906132526732890000000000000000000000000000000000000000000000000000000000000000000000000000000000000000000000000000000000000000000000000000000000000000000000000000000000000000000000000.00000000
0.93000000 -1405982556121670000000000000000000000000000000000000000000000000000000000000000000000000000000000000000000000000000000000000000000000000000000000000000000000000000000000000000000000000000.00000000 204692139559771000000000000000000000000000000000000000000000000000000000000000000000000000000000000000000000000000000000000000000000000000000000000000000000000000000000000000000000000000.00000000
0.94000000 140393563472605000000000000000000000000000000000000000000000000000000000000000000000000000000000000000000000000000000000000000000000000000000000000000000000000000000000000000000000000000000.00000000 -21875196512098500000000000000000000000000000000000000000000000000000000000000000000000000000000000000000000000000000000000000000000000000000000000000000000000000000000000000000000000000000.00000000
0.95000000 -14017481150748300000000000000000000000000000000000000000000000000000000000000000000000000000000000000000000000000000000000000000000000000000000000000000000000000000000000000000000000000000000.00000000 2327913214682440000000000000000000000000000000000000000000000000000000000000000000000000000000000000000000000000000000000000000000000000000000000000000000000000000000000000000000000000000000.00000000
0.96000000 1399420201860170000000000000000000000000000000000000000000000000000000000000000000000000000000000000000000000000000000000000000000000000000000000000000000000000000000000000000000000000000000000.00000000 -246808802618991000000000000000000000000000000000000000000000000000000000000000000000000000000000000000000000000000000000000000000000000000000000000000000000000000000000000000000000000000000000.00000000
0.97000000 -139695211383403000000000000000000000000000000000000000000000000000000000000000000000000000000000000000000000000000000000000000000000000000000000000000000000000000000000000000000000000000000000000.00000000 26080300463759300000000000000000000000000000000000000000000000000000000000000000000000000000000000000000000000000000000000000000000000000000000000000000000000000000000000000000000000000000000000.00000000
0.98000000 13943440837876400000000000000000000000000000000000000000000000000000000000000000000000000000000000000000000000000000000000000000000000000000000000000000000000000000000000000000000000000000000000000.00000000 -2747725257759380000000000000000000000000000000000000000000000000000000000000000000000000000000000000000000000000000000000000000000000000000000000000000000000000000000000000000000000000000000000000.00000000
0.99000000 -1391596358529860000000000000000000000000000000000000000000000000000000000000000000000000000000000000000000000000000000000000000000000000000000000000000000000000000000000000000000000000000000000000000.00000000 288715966613818000000000000000000000000000000000000000000000000000000000000000000000000000000000000000000000000000000000000000000000000000000000000000000000000000000000000000000000000000000000000000.00000000
1.00000000 138870919886368000000000000000000000000000000000000000000000000000000000000000000000000000000000000000000000000000000000000000000000000000000000000000000000000000000000000000000000000000000000000000000.00000000 -30263193019910900000000000000000000000000000000000000000000000000000000000000000000000000000000000000000000000000000000000000000000000000000000000000000000000000000000000000000000000000000000000000000.00000000
1.01000000 -13856828795616600000000000000000000000000000000000000000000000000000000000000000000000000000000000000000000000000000000000000000000000000000000000000000000000000000000000000000000000000000000000000000000.00000000 3165190221877410000000000000000000000000000000000000000000000000000000000000000000000000000000000000000000000000000000000000000000000000000000000000000000000000000000000000000000000000000000000000000000.00000000
1.02000000 1382517689339780000000000000000000000000000000000000000000000000000000000000000000000000000000000000000000000000000000000000000000000000000000000000000000000000000000000000000000000000000000000000000000000.00000000 -330375850983352000000000000000000000000000000000000000000000000000000000000000000000000000000000000000000000000000000000000000000000000000000000000000000000000000000000000000000000000000000000000000000000.00000000
1.03000000 -137921393082994000000000000000000000000000000000000000000000000000000000000000000000000000000000000000000000000000000000000000000000000000000000000000000000000000000000000000000000000000000000000000000000000.00000000 34420102787675500000000000000000000000000000000000000000000000000000000000000000000000000000000000000000000000000000000000000000000000000000000000000000000000000000000000000000000000000000000000000000000000.00000000
1.04000000 13757719205511800000000000000000000000000000000000000000000000000000000000000000000000000000000000000000000000000000000000000000000000000000000000000000000000000000000000000000000000000000000000000000000000000.00000000 -3579931671850590000000000000000000000000000000000000000000000000000000000000000000000000000000000000000000000000000000000000000000000000000000000000000000000000000000000000000000000000000000000000000000000000.00000000
1.05000000 -1372191988879320000000000000000000000000000000000000000000000000000000000000000000000000000000000000000000000000000000000000000000000000000000000000000000000000000000000000000000000000000000000000000000000000000.00000000 371750886390571000000000000000000000000000000000000000000000000000000000000000000000000000000000000000000000000000000000000000000000000000000000000000000000000000000000000000000000000000000000000000000000000000.00000000
1.06000000 136847448001542000000000000000000000000000000000000000000000000000000000000000000000000000000000000000000000000000000000000000000000000000000000000000000000000000000000000000000000000000000000000000000000000000000.00000000 -38547280627936400000000000000000000000000000000000000000000000000000000000000000000000000000000000000000000000000000000000000000000000000000000000000000000000000000000000000000000000000000000000000000000000000000.00000000
1.07000000 -13646197519526100000000000000000000000000000000000000000000000000000000000000000000000000000000000000000000000000000000000000000000000000000000000000000000000000000000000000000000000000000000000000000000000000000000.00000000 3991575510795200000000000000000000000000000000000000000000000000000000000000000000000000000000000000000000000000000000000000000000000000000000000000000000000000000000000000000000000000000000000000000000000000000000.00000000
1.08000000 1360628176441810000000000000000000000000000000000000000000000000000000000000000000000000000000000000000000000000000000000000000000000000000000000000000000000000000000000000000000000000000000000000000000000000000000000.00000000 -412803748599045000000000000000000000000000000000000000000000000000000000000000000000000000000000000000000000000000000000000000000000000000000000000000000000000000000000000000000000000000000000000000000000000000000000.00000000
1.09000000 -135650013895585000000000000000000000000000000000000000000000000000000000000000000000000000000000000000000000000000000000000000000000000000000000000000000000000000000000000000000000000000000000000000000000000000000000000.00000000 42641003036345000000000000000000000000000000000000000000000000000000000000000000000000000000000000000000000000000000000000000000000000000000000000000000000000000000000000000000000000000000000000000000000000000000000000.00000000
1.10000000 13522360386522300000000000000000000000000000000000000000000000000000000000000000000000000000000000000000000000000000000000000000000000000000000000000000000000000000000000000000000000000000000000000000000000000000000000000.00000000 -4399750317530060000000000000000000000000000000000000000000000000000000000000000000000000000000000000000000000000000000000000000000000000000000000000000000000000000000000000000000000000000000000000000000000000000000000000.00000000
1.11000000 -1347836288334690000000000000000000000000000000000000000000000000000000000000000000000000000000000000000000000000000000000000000000000000000000000000000000000000000000000000000000000000000000000000000000000000000000000000000.00000000 453497392139530000000000000000000000000000000000000000000000000000000000000000000000000000000000000000000000000000000000000000000000000000000000000000000000000000000000000000000000000000000000000000000000000000000000000000.00000000
1.12000000 134330131441326000000000000000000000000000000000000000000000000000000000000000000000000000000000000000000000000000000000000000000000000000000000000000000000000000000000000000000000000000000000000000000000000000000000000000000.00000000 -46697575502287600000000000000000000000000000000000000000000000000000000000000000000000000000000000000000000000000000000000000000000000000000000000000000000000000000000000000000000000000000000000000000000000000000000000000000.00000000
1.13000000 -13386315568630100000000000000000000000000000000000000000000000000000000000000000000000000000000000000000000000000000000000000000000000000000000000000000000000000000000000000000000000000000000000000000000000000000000000000000000.00000000 4804087681670040000000000000000000000000000000000000000000000000000000000000000000000000000000000000000000000000000000000000000000000000000000000000000000000000000000000000000000000000000000000000000000000000000000000000000000.00000000
1.14000000 1333827469181370000000000000000000000000000000000000000000000000000000000000000000000000000000000000000000000000000000000000000000000000000000000000000000000000000000000000000000000000000000000000000000000000000000000000000000000.00000000 -493795083735635000000000000000000000000000000000000000000000000000000000000000000000000000000000000000000000000000000000000000000000000000000000000000000000000000000000000000000000000000000000000000000000000000000000000000000000.00000000
1.15000000 -132888951834398000000000000000000000000000000000000000000000000000000000000000000000000000000000000000000000000000000000000000000000000000000000000000000000000000000000000000000000000000000000000000000000000000000000000000000000000.00000000 50713335842745300000000000000000000000000000000000000000000000000000000000000000000000000000000000000000000000000000000000000000000000000000000000000000000000000000000000000000000000000000000000000000000000000000000000000000000000.00000000
1.16000000 13238181847596900000000000000000000000000000000000000000000000000000000000000000000000000000000000000000000000000000000000000000000000000000000000000000000000000000000000000000000000000000000000000000000000000000000000000000000000000.00000000 -5204222536108840000000000000000000000000000000000000000000000000000000000000000000000000000000000000000000000000000000000000000000000000000000000000000000000000000000000000000000000000000000000000000000000000000000000000000000000000.00000000
1.17000000 -1318613962223600000000000000000000000000000000000000000000000000000000000000000000000000000000000000000000000000000000000000000000000000000000000000000000000000000000000000000000000000000000000000000000000000000000000000000000000000000.00000000 533660435458493000000000000000000000000000000000000000000000000000000000000000000000000000000000000000000000000000000000000000000000000000000000000000000000000000000000000000000000000000000000000000000000000000000000000000000000000000.00000000
1.18000000 131327735786898000000000000000000000000000000000000000000000000000000000000000000000000000000000000000000000000000000000000000000000000000000000000000000000000000000000000000000000000000000000000000000000000000000000000000000000000000000.00000000 -54684657508073200000000000000000000000000000000000000000000000000000000000000000000000000000000000000000000000000000000000000000000000000000000000000000000000000000000000000000000000000000000000000000000000000000000000000000000000000000.00000000
1.19000000 -13078088921182200000000000000000000000000000000000000000000000000000000000000000000000000000000000000000000000000000000000000000000000000000000000000000000000000000000000000000000000000000000000000000000000000000000000000000000000000000000.00000000 5599793486594280000000000000000000000000000000000000000000000000000000000000000000000000000000000000000000000000000000000000000000000000000000000000000000000000000000000000000000000000000000000000000000000000000000000000000000000000000000.00000000
1.20000000 1302209098631630000000000000000000000000000000000000000000000000000000000000000000000000000000000000000000000000000000000000000000000000000000000000000000000000000000000000000000000000000000000000000000000000000000000000000000000000000000000.00000000 -573057437580629000000000000000000000000000000000000000000000000000000000000000000000000000000000000000000000000000000000000000000000000000000000000000000000000000000000000000000000000000000000000000000000000000000000000000000000000000000000.00000000
1.21000000 -129647852425580000000000000000000000000000000000000000000000000000000000000000000000000000000000000000000000000000000000000000000000000000000000000000000000000000000000000000000000000000000000000000000000000000000000000000000000000000000000000.00000000 58607952856694900000000000000000000000000000000000000000000000000000000000000000000000000000000000000000000000000000000000000000000000000000000000000000000000000000000000000000000000000000000000000000000000000000000000000000000000000000000000.00000000
1.22000000 12906177289701600000000000000000000000000000000000000000000000000000000000000000000000000000000000000000000000000000000000000000000000000000000000000000000000000000000000000000000000000000000000000000000000000000000000000000000000000000000000000.00000000 -5990443138095060000000000000000000000000000000000000000000000000000000000000000000000000000000000000000000000000000000000000000000000000000000000000000000000000000000000000000000000000000000000000000000000000000000000000000000000000000000000000.00000000
1.23000000 -1284627285832040000000000000000000000000000000000000000000000000000000000000000000000000000000000000000000000000000000000000000000000000000000000000000000000000000000000000000000000000000000000000000000000000000000000000000000000000000000000000000.00000000 611950491099215000000000000000000000000000000000000000000000000000000000000000000000000000000000000000000000000000000000000000000000000000000000000000000000000000000000000000000000000000000000000000000000000000000000000000000000000000000000000000.00000000
1.24000000 127850778092105000000000000000000000000000000000000000000000000000000000000000000000000000000000000000000000000000000000000000000000000000000000000000000000000000000000000000000000000000000000000000000000000000000000000000000000000000000000000000000.00000000 -62479676395753300000000000000000000000000000000000000000000000000000000000000000000000000000000000000000000000000000000000000000000000000000000000000000000000000000000000000000000000000000000000000000000000000000000000000000000000000000000000000000.00000000
1.25000000 -12722598132815100000000000000000000000000000000000000000000000000000000000000000000000000000000000000000000000000000000000000000000000000000000000000000000000000000000000000000000000000000000000000000000000000000000000000000000000000000000000000000000.00000000 6375818417667590000000000000000000000000000000000000000000000000000000000000000000000000000000000000000000000000000000000000000000000000000000000000000000000000000000000000000000000000000000000000000000000000000000000000000000000000000000000000000000.00000000
1.26000000 1265883994863810000000000000000000000000000000000000000000000000000000000000000000000000000000000000000000000000000000000000000000000000000000000000000000000000000000000000000000000000000000000000000000000000000000000000000000000000000000000000000000000.00000000 -650304439899576000000000000000000000000000000000000000000000000000000000000000000000000000000000000000000000000000000000000000000000000000000000000000000000000000000000000000000000000000000000000000000000000000000000000000000000000000000000000000000000.00000000
1.27000000 -125938095046481000000000000000000000000000000000000000000000000000000000000000000000000000000000000000000000000000000000000000000000000000000000000000000000000000000000000000000000000000000000000000000000000000000000000000000000000000000000000000000000000.00000000 66296327984821700000000000000000000000000000000000000000000000000000000000000000000000000000000000000000000000000000000000000000000000000000000000000000000000000000000000000000000000000000000000000000000000000000000000000000000000000000000000000000000000.00000000
1.28000000 12527513176663400000000000000000000000000000000000000000000000000000000000000000000000000000000000000000000000000000000000000000000000000000000000000000000000000000000000000000000000000000000000000000000000000000000000000000000000000000000000000000000000000.00000000 -6755570893528650000000000000000000000000000000000000000000000000000000000000000000000000000000000000000000000000000000000000000000000000000000000000000000000000000000000000000000000000000000000000000000000000000000000000000000000000000000000000000000000000.00000000
1.29000000 -1245995746772790000000000000000000000000000000000000000000000000000000000000000000000000000000000000000000000000000000000000000000000000000000000000000000000000000000000000000000000000000000000000000000000000000000000000000000000000000000000000000000000000000.00000000 688084602529525000000000000000000000000000000000000000000000000000000000000000000000000000000000000000000000000000000000000000000000000000000000000000000000000000000000000000000000000000000000000000000000000000000000000000000000000000000000000000000000000000.00000000
1.30000000 123911490074752000000000000000000000000000000000000000000000000000000000000000000000000000000000000000000000000000000000000000000000000000000000000000000000000000000000000000000000000000000000000000000000000000000000000000000000000000000000000000000000000000000.00000000 -70054455999724000000000000000000000000000000000000000000000000000000000000000000000000000000000000000000000000000000000000000000000000000000000000000000000000000000000000000000000000000000000000000000000000000000000000000000000000000000000000000000000000000000.00000000
1.31000000 -12321094551475800000000000000000000000000000000000000000000000000000000000000000000000000000000000000000000000000000000000000000000000000000000000000000000000000000000000000000000000000000000000000000000000000000000000000000000000000000000000000000000000000000000.00000000 7129357090047000000000000000000000000000000000000000000000000000000000000000000000000000000000000000000000000000000000000000000000000000000000000000000000000000000000000000000000000000000000000000000000000000000000000000000000000000000000000000000000000000000000.00000000
1.32000000 1224980098057520000000000000000000000000000000000000000000000000000000000000000000000000000000000000000000000000000000000000000000000000000000000000000000000000000000000000000000000000000000000000000000000000000000000000000000000000000000000000000000000000000000000.00000000 -725256803556173000000000000000000000000000000000000000000000000000000000000000000000000000000000000000000000000000000000000000000000000000000000000000000000000000000000000000000000000000000000000000000000000000000000000000000000000000000000000000000000000000000000.00000000
1.33000000 -121772753002199000000000000000000000000000000000000000000000000000000000000000000000000000000000000000000000000000000000000000000000000000000000000000000000000000000000000000000000000000000000000000000000000000000000000000000000000000000000000000000000000000000000000.00000000 73750660453672400000000000000000000000000000000000000000000000000000000000000000000000000000000000000000000000000000000000000000000000000000000000000000000000000000000000000000000000000000000000000000000000000000000000000000000000000000000000000000000000000000000000.00000000
1.34000000 12103524639766300000000000000000000000000000000000000000000000000000000000000000000000000000000000000000000000000000000000000000000000000000000000000000000000000000000000000000000000000000000000000000000000000000000000000000000000000000000000000000000000000000000000000.00000000 -7496838798369470000000000000000000000000000000000000000000000000000000000000000000000000000000000000000000000000000000000000000000000000000000000000000000000000000000000000000000000000000000000000000000000000000000000000000000000000000000000000000000000000000000000000.00000000
1.35000000 -1202855625178260000000000000000000000000000000000000000000000000000000000000000000000000000000000000000000000000000000000000000000000000000000000000000000000000000000000000000000000000000000000000000000000000000000000000000000000000000000000000000000000000000000000000000.00000000 761787404476710000000000000000000000000000000000000000000000000000000000000000000000000000000000000000000000000000000000000000000000000000000000000000000000000000000000000000000000000000000000000000000000000000000000000000000000000000000000000000000000000000000000000000.00000000
1.36000000 119523775113348000000000000000000000000000000000000000000000000000000000000000000000000000000000000000000000000000000000000000000000000000000000000000000000000000000000000000000000000000000000000000000000000000000000000000000000000000000000000000000000000000000000000000000.00000000 -77381596072851300000000000000000000000000000000000000000000000000000000000000000000000000000000000000000000000000000000000000000000000000000000000000000000000000000000000000000000000000000000000000000000000000000000000000000000000000000000000000000000000000000000000000000.00000000
1.37000000 -11874995915262000000000000000000000000000000000000000000000000000000000000000000000000000000000000000000000000000000000000000000000000000000000000000000000000000000000000000000000000000000000000000000000000000000000000000000000000000000000000000000000000000000000000000000000.00000000 7857683382398470000000000000000000000000000000000000000000000000000000000000000000000000000000000000000000000000000000000000000000000000000000000000000000000000000000000000000000000000000000000000000000000000000000000000000000000000000000000000000000000000000000000000000000.00000000
1.38000000 1179641908143850000000000000000000000000000000000000000000000000000000000000000000000000000000000000000000000000000000000000000000000000000000000000000000000000000000000000000000000000000000000000000000000000000000000000000000000000000000000000000000000000000000000000000000000.00000000 -797643334155111000000000000000000000000000000000000000000000000000000000000000000000000000000000000000000000000000000000000000000000000000000000000000000000000000000000000000000000000000000000000000000000000000000000000000000000000000000000000000000000000000000000000000000000.00000000
1.39000000 -117166547480227000000000000000000000000000000000000000000000000000000000000000000000000000000000000000000000000000000000000000000000000000000000000000000000000000000000000000000000000000000000000000000000000000000000000000000000000000000000000000000000000000000000000000000000000.00000000 80943975323655100000000000000000000000000000000000000000000000000000000000000000000000000000000000000000000000000000000000000000000000000000000000000000000000000000000000000000000000000000000000000000000000000000000000000000000000000000000000000000000000000000000000000000000000.00000000
1.40000000 11635710772698900000000000000000000000000000000000000000000000000000000000000000000000000000000000000000000000000000000000000000000000000000000000000000000000000000000000000000000000000000000000000000000000000000000000000000000000000000000000000000000000000000000000000000000000000.00000000 -8211564079845850000000000000000000000000000000000000000000000000000000000000000000000000000000000000000000000000000000000000000000000000000000000000000000000000000000000000000000000000000000000000000000000000000000000000000000000000000000000000000000000000000000000000000000000000.00000000
1.41000000 -1155359513190020000000000000000000000000000000000000000000000000000000000000000000000000000000000000000000000000000000000000000000000000000000000000000000000000000000000000000000000000000000000000000000000000000000000000000000000000000000000000000000000000000000000000000000000000000.00000000 832792118757296000000000000000000000000000000000000000000000000000000000000000000000000000000000000000000000000000000000000000000000000000000000000000000000000000000000000000000000000000000000000000000000000000000000000000000000000000000000000000000000000000000000000000000000000000.00000000
1.42000000 114703159200245000000000000000000000000000000000000000000000000000000000000000000000000000000000000000000000000000000000000000000000000000000000000000000000000000000000000000000000000000000000000000000000000000000000000000000000000000000000000000000000000000000000000000000000000000000.00000000 -84434571388919000000000000000000000000000000000000000000000000000000000000000000000000000000000000000000000000000000000000000000000000000000000000000000000000000000000000000000000000000000000000000000000000000000000000000000000000000000000000000000000000000000000000000000000000000000.00000000
1.43000000 -11385881348635700000000000000000000000000000000000000000000000000000000000000000000000000000000000000000000000000000000000000000000000000000000000000000000000000000000000000000000000000000000000000000000000000000000000000000000000000000000000000000000000000000000000000000000000000000000.00000000 8558160298092190000000000000000000000000000000000000000000000000000000000000000000000000000000000000000000000000000000000000000000000000000000000000000000000000000000000000000000000000000000000000000000000000000000000000000000000000000000000000000000000000000000000000000000000000000000.00000000
1.44000000 1130029974565480000000000000000000000000000000000000000000000000000000000000000000000000000000000000000000000000000000000000000000000000000000000000000000000000000000000000000000000000000000000000000000000000000000000000000000000000000000000000000000000000000000000000000000000000000000000.00000000 -867201911157865000000000000000000000000000000000000000000000000000000000000000000000000000000000000000000000000000000000000000000000000000000000000000000000000000000000000000000000000000000000000000000000000000000000000000000000000000000000000000000000000000000000000000000000000000000000.00000000
1.45000000 -112135795545389000000000000000000000000000000000000000000000000000000000000000000000000000000000000000000000000000000000000000000000000000000000000000000000000000000000000000000000000000000000000000000000000000000000000000000000000000000000000000000000000000000000000000000000000000000000000.00000000 87850221090349900000000000000000000000000000000000000000000000000000000000000000000000000000000000000000000000000000000000000000000000000000000000000000000000000000000000000000000000000000000000000000000000000000000000000000000000000000000000000000000000000000000000000000000000000000000000.00000000
1.46000000 11125729333448700000000000000000000000000000000000000000000000000000000000000000000000000000000000000000000000000000000000000000000000000000000000000000000000000000000000000000000000000000000000000000000000000000000000000000000000000000000000000000000000000000000000000000000000000000000000000.00000000 -8897157904580480000000000000000000000000000000000000000000000000000000000000000000000000000000000000000000000000000000000000000000000000000000000000000000000000000000000000000000000000000000000000000000000000000000000000000000000000000000000000000000000000000000000000000000000000000000000000.00000000
1.47000000 -1103675775440290000000000000000000000000000000000000000000000000000000000000000000000000000000000000000000000000000000000000000000000000000000000000000000000000000000000000000000000000000000000000000000000000000000000000000000000000000000000000000000000000000000000000000000000000000000000000000.00000000 900841519791505000000000000000000000000000000000000000000000000000000000000000000000000000000000000000000000000000000000000000000000000000000000000000000000000000000000000000000000000000000000000000000000000000000000000000000000000000000000000000000000000000000000000000000000000000000000000000.00000000
1.48000000 109466736024238000000000000000000000000000000000000000000000000000000000000000000000000000000000000000000000000000000000000000000000000000000000000000000000000000000000000000000000000000000000000000000000000000000000000000000000000000000000000000000000000000000000000000000000000000000000000000000.00000000 -91187827754590900000000000000000000000000000000000000000000000000000000000000000000000000000000000000000000000000000000000000000000000000000000000000000000000000000000000000000000000000000000000000000000000000000000000000000000000000000000000000000000000000000000000000000000000000000000000000000.00000000
1.49000000 -10855485774669400000000000000000000000000000000000000000000000000000000000000000000000000000000000000000000000000000000000000000000000000000000000000000000000000000000000000000000000000000000000000000000000000000000000000000000000000000000000000000000000000000000000000000000000000000000000000000000.00000000 9228249511483210000000000000000000000000000000000000000000000000000000000000000000000000000000000000000000000000000000000000000000000000000000000000000000000000000000000000000000000000000000000000000000000000000000000000000000000000000000000000000000000000000000000000000000000000000000000000000000.00000000
1.50000000 1076320327955440000000000000000000000000000000000000000000000000000000000000000000000000000000000000000000000000000000000000000000000000000000000000000000000000000000000000000000000000000000000000000000000000000000000000000000000000000000000000000000000000000000000000000000000000000000000000000000000.00000000 -933680436922975000000000000000000000000000000000000000000000000000000000000000000000000000000000000000000000000000000000000000000000000000000000000000000000000000000000000000000000000000000000000000000000000000000000000000000000000000000000000000000000000000000000000000000000000000000000000000000000.00000000
1.51000000 -106698352358619000000000000000000000000000000000000000000000000000000000000000000000000000000000000000000000000000000000000000000000000000000000000000000000000000000000000000000000000000000000000000000000000000000000000000000000000000000000000000000000000000000000000000000000000000000000000000000000000.00000000 94444364020249700000000000000000000000000000000000000000000000000000000000000000000000000000000000000000000000000000000000000000000000000000000000000000000000000000000000000000000000000000000000000000000000000000000000000000000000000000000000000000000000000000000000000000000000000000000000000000000000.00000000
1.52000000 10575390871841600000000000000000000000000000000000000000000000000000000000000000000000000000000000000000000000000000000000000000000000000000000000000000000000000000000000000000000000000000000000000000000000000000000000000000000000000000000000000000000000000000000000000000000000000000000000000000000000000.00000000 -9551134754383340000000000000000000000000000000000000000000000000000000000000000000000000000000000000000000000000000000000000000000000000000000000000000000000000000000000000000000000000000000000000000000000000000000000000000000000000000000000000000000000000000000000000000000000000000000000000000000000000.00000000
1.53000000 -1047987952429760000000000000000000000000000000000000000000000000000000000000000000000000000000000000000000000000000000000000000000000000000000000000000000000000000000000000000000000000000000000000000000000000000000000000000000000000000000000000000000000000000000000000000000000000000000000000000000000000000.00000000 965688866310208000000000000000000000000000000000000000000000000000000000000000000000000000000000000000000000000000000000000000000000000000000000000000000000000000000000000000000000000000000000000000000000000000000000000000000000000000000000000000000000000000000000000000000000000000000000000000000000000000.00000000
1.54000000 103833106376666000000000000000000000000000000000000000000000000000000000000000000000000000000000000000000000000000000000000000000000000000000000000000000000000000000000000000000000000000000000000000000000000000000000000000000000000000000000000000000000000000000000000000000000000000000000000000000000000000000.00000000 -97616874583452700000000000000000000000000000000000000000000000000000000000000000000000000000000000000000000000000000000000000000000000000000000000000000000000000000000000000000000000000000000000000000000000000000000000000000000000000000000000000000000000000000000000000000000000000000000000000000000000000000.00000000
1.55000000 NaN NaN
1.56000000 NaN NaN
1.57000000 NaN NaN
1.58000000 NaN NaN
1.59000000 NaN NaN
1.60000000 NaN NaN
1.61000000 NaN NaN
1.62000000 NaN NaN
1.63000000 NaN NaN
1.64000000 NaN NaN
1.65000000 NaN NaN
1.66000000 NaN NaN
1.67000000 NaN NaN
1.68000000 NaN NaN
1.69000000 NaN NaN
1.70000000 NaN NaN
1.71000000 NaN NaN
1.72000000 NaN NaN
1.73000000 NaN NaN
1.74000000 NaN NaN
1.75000000 NaN NaN
1.76000000 NaN NaN
1.77000000 NaN NaN
1.78000000 NaN NaN
1.79000000 NaN NaN
1.80000000 NaN NaN
1.81000000 NaN NaN
1.82000000 NaN NaN
1.83000000 NaN NaN
1.84000000 NaN NaN
1.85000000 NaN NaN
1.86000000 NaN NaN
1.87000000 NaN NaN
1.88000000 NaN NaN
1.89000000 NaN NaN
1.90000000 NaN NaN
1.91000000 NaN NaN
1.92000000 NaN NaN
1.93000000 NaN NaN
1.94000000 NaN NaN
1.95000000 NaN NaN
1.96000000 NaN NaN
1.97000000 NaN NaN
1.98000000 NaN NaN
1.99000000 NaN NaN
2.00000000 NaN NaN
2.01000000 NaN NaN
2.02000000 NaN NaN
2.03000000 NaN NaN
2.04000000 NaN NaN
2.05000000 NaN NaN
2.06000000 NaN NaN
2.07000000 NaN NaN
2.08000000 NaN NaN
2.09000000 NaN NaN
2.10000000 NaN NaN
2.11000000 NaN NaN
2.12000000 NaN NaN
2.13000000 NaN NaN
2.14000000 NaN NaN
2.15000000 NaN NaN
2.16000000 NaN NaN
2.17000000 NaN NaN
2.18000000 NaN NaN
2.19000000 NaN NaN
2.20000000 NaN NaN
2.21000000 NaN NaN
2.22000000 NaN NaN
2.23000000 NaN NaN
2.24000000 NaN NaN
2.25000000 NaN NaN
2.26000000 NaN NaN
2.27000000 NaN NaN
2.28000000 NaN NaN
2.29000000 NaN NaN
2.30000000 NaN NaN
2.31000000 NaN NaN
2.32000000 NaN NaN
2.33000000 NaN NaN
2.34000000 NaN NaN
2.35000000 NaN NaN
2.36000000 NaN NaN
2.37000000 NaN NaN
2.38000000 NaN NaN
2.39000000 NaN NaN
2.40000000 NaN NaN
2.41000000 NaN NaN
2.42000000 NaN NaN
2.43000000 NaN NaN
2.44000000 NaN NaN
2.45000000 NaN NaN
2.46000000 NaN NaN
2.47000000 NaN NaN
2.48000000 NaN NaN
2.49000000 NaN NaN
2.50000000 NaN NaN
2.51000000 NaN NaN
2.52000000 NaN NaN
2.53000000 NaN NaN
2.54000000 NaN NaN
2.55000000 NaN NaN
2.56000000 NaN NaN
2.57000000 NaN NaN
2.58000000 NaN NaN
2.59000000 NaN NaN
2.60000000 NaN NaN
2.61000000 NaN NaN
2.62000000 NaN NaN
2.63000000 NaN NaN
2.64000000 NaN NaN
2.65000000 NaN NaN
2.66000000 NaN NaN
2.67000000 NaN NaN
2.68000000 NaN NaN
2.69000000 NaN NaN
2.70000000 NaN NaN
2.71000000 NaN NaN
2.72000000 NaN NaN
2.73000000 NaN NaN
2.74000000 NaN NaN
2.75000000 NaN NaN
2.76000000 NaN NaN
2.77000000 NaN NaN
2.78000000 NaN NaN
2.79000000 NaN NaN
2.80000000 NaN NaN
2.81000000 NaN NaN
2.82000000 NaN NaN
2.83000000 NaN NaN
2.84000000 NaN NaN
2.85000000 NaN NaN
2.86000000 NaN NaN
2.87000000 NaN NaN
2.88000000 NaN NaN
2.89000000 NaN NaN
2.90000000 NaN NaN
2.91000000 NaN NaN
2.92000000 NaN NaN
2.93000000 NaN NaN
2.94000000 NaN NaN
2.95000000 NaN NaN
2.96000000 NaN NaN
2.97000000 NaN NaN
2.98000000 NaN NaN
2.99000000 NaN NaN
3.00000000 NaN NaN
3.01000000 NaN NaN
3.02000000 NaN NaN
3.03000000 NaN NaN
3.04000000 NaN NaN
3.05000000 NaN NaN
3.06000000 NaN NaN
3.07000000 NaN NaN
3.08000000 NaN NaN
3.09000000 NaN NaN
3.10000000 NaN NaN
3.11000000 NaN NaN
3.12000000 NaN NaN
3.13000000 NaN NaN
3.14000000 NaN NaN
3.15000000 NaN NaN
3.16000000 NaN NaN
3.17000000 NaN NaN
3.18000000 NaN NaN
3.19000000 NaN NaN
3.20000000 NaN NaN
3.21000000 NaN NaN
3.22000000 NaN NaN
3.23000000 NaN NaN
3.24000000 NaN NaN
3.25000000 NaN NaN
3.26000000 NaN NaN
3.27000000 NaN NaN
3.28000000 NaN NaN
3.29000000 NaN NaN
3.30000000 NaN NaN
3.31000000 NaN NaN
3.32000000 NaN NaN
3.33000000 NaN NaN
3.34000000 NaN NaN
3.35000000 NaN NaN
3.36000000 NaN NaN
3.37000000 NaN NaN
3.38000000 NaN NaN
3.39000000 NaN NaN
3.40000000 NaN NaN
3.41000000 NaN NaN
3.42000000 NaN NaN
3.43000000 NaN NaN
3.44000000 NaN NaN
3.45000000 NaN NaN
3.46000000 NaN NaN
3.47000000 NaN NaN
3.48000000 NaN NaN
3.49000000 NaN NaN
3.50000000 NaN NaN
3.51000000 NaN NaN
3.52000000 NaN NaN
3.53000000 NaN NaN
3.54000000 NaN NaN
3.55000000 NaN NaN
3.56000000 NaN NaN
3.57000000 NaN NaN
3.58000000 NaN NaN
3.59000000 NaN NaN
3.60000000 NaN NaN
3.61000000 NaN NaN
3.62000000 NaN NaN
3.63000000 NaN NaN
3.64000000 NaN NaN
3.65000000 NaN NaN
3.66000000 NaN NaN
3.67000000 NaN NaN
3.68000000 NaN NaN
3.69000000 NaN NaN
3.70000000 NaN NaN
3.71000000 NaN NaN
3.72000000 NaN NaN
3.73000000 NaN NaN
3.74000000 NaN NaN
3.75000000 NaN NaN
3.76000000 NaN NaN
3.77000000 NaN NaN
3.78000000 NaN NaN
3.79000000 NaN NaN
3.80000000 NaN NaN
3.81000000 NaN NaN
3.82000000 NaN NaN
3.83000000 NaN NaN
3.84000000 NaN NaN
3.85000000 NaN NaN
3.86000000 NaN NaN
3.87000000 NaN NaN
3.88000000 NaN NaN
3.89000000 NaN NaN
3.90000000 NaN NaN
3.91000000 NaN NaN
3.92000000 NaN NaN
3.93000000 NaN NaN
3.94000000 NaN NaN
3.95000000 NaN NaN
3.96000000 NaN NaN
3.97000000 NaN NaN
3.98000000 NaN NaN
3.99000000 NaN NaN
4.00000000 NaN NaN
4.01000000 NaN NaN
4.02000000 NaN NaN
4.03000000 NaN NaN
4.04000000 NaN NaN
4.05000000 NaN NaN
4.06000000 NaN NaN
4.07000000 NaN NaN
4.08000000 NaN NaN
4.09000000 NaN NaN
4.10000000 NaN NaN
4.11000000 NaN NaN
4.12000000 NaN NaN
4.13000000 NaN NaN
4.14000000 NaN NaN
4.15000000 NaN NaN
4.16000000 NaN NaN
4.17000000 NaN NaN
4.18000000 NaN NaN
4.19000000 NaN NaN
4.20000000 NaN NaN
4.21000000 NaN NaN
4.22000000 NaN NaN
4.23000000 NaN NaN
4.24000000 NaN NaN
4.25000000 NaN NaN
4.26000000 NaN NaN
4.27000000 NaN NaN
4.28000000 NaN NaN
4.29000000 NaN NaN
4.30000000 NaN NaN
4.31000000 NaN NaN
4.32000000 NaN NaN
4.33000000 NaN NaN
4.34000000 NaN NaN
4.35000000 NaN NaN
4.36000000 NaN NaN
4.37000000 NaN NaN
4.38000000 NaN NaN
4.39000000 NaN NaN
4.40000000 NaN NaN
4.41000000 NaN NaN
4.42000000 NaN NaN
4.43000000 NaN NaN
4.44000000 NaN NaN
4.45000000 NaN NaN
4.46000000 NaN NaN
4.47000000 NaN NaN
4.48000000 NaN NaN
4.49000000 NaN NaN
4.50000000 NaN NaN
4.51000000 NaN NaN
4.52000000 NaN NaN
4.53000000 NaN NaN
4.54000000 NaN NaN
4.55000000 NaN NaN
4.56000000 NaN NaN
4.57000000 NaN NaN
4.58000000 NaN NaN
4.59000000 NaN NaN
4.60000000 NaN NaN
4.61000000 NaN NaN
4.62000000 NaN NaN
4.63000000 NaN NaN
4.64000000 NaN NaN
4.65000000 NaN NaN
4.66000000 NaN NaN
4.67000000 NaN NaN
4.68000000 NaN NaN
4.69000000 NaN NaN
4.70000000 NaN NaN
4.71000000 NaN NaN
4.72000000 NaN NaN
4.73000000 NaN NaN
4.74000000 NaN NaN
4.75000000 NaN NaN
4.76000000 NaN NaN
4.77000000 NaN NaN
4.78000000 NaN NaN
4.79000000 NaN NaN
4.80000000 NaN NaN
4.81000000 NaN NaN
4.82000000 NaN NaN
4.83000000 NaN NaN
4.84000000 NaN NaN
4.85000000 NaN NaN
4.86000000 NaN NaN
4.87000000 NaN NaN
4.88000000 NaN NaN
4.89000000 NaN NaN
4.90000000 NaN NaN
4.91000000 NaN NaN
4.92000000 NaN NaN
4.93000000 NaN NaN
4.94000000 NaN NaN
4.95000000 NaN NaN
4.96000000 NaN NaN
4.97000000 NaN NaN
4.98000000 NaN NaN
4.99000000 NaN NaN
5.00000000 NaN NaN
5.01000000 NaN NaN
5.02000000 NaN NaN
5.03000000 NaN NaN
5.04000000 NaN NaN
5.05000000 NaN NaN
5.06000000 NaN NaN
5.07000000 NaN NaN
5.08000000 NaN NaN
5.09000000 NaN NaN
5.10000000 NaN NaN
5.11000000 NaN NaN
5.12000000 NaN NaN
5.13000000 NaN NaN
5.14000000 NaN NaN
5.15000000 NaN NaN
5.16000000 NaN NaN
5.17000000 NaN NaN
5.18000000 NaN NaN
5.19000000 NaN NaN
5.20000000 NaN NaN
5.21000000 NaN NaN
5.22000000 NaN NaN
5.23000000 NaN NaN
5.24000000 NaN NaN
5.25000000 NaN NaN
5.26000000 NaN NaN
5.27000000 NaN NaN
5.28000000 NaN NaN
5.29000000 NaN NaN
5.30000000 NaN NaN
5.31000000 NaN NaN
5.32000000 NaN NaN
5.33000000 NaN NaN
5.34000000 NaN NaN
5.35000000 NaN NaN
5.36000000 NaN NaN
5.37000000 NaN NaN
5.38000000 NaN NaN
5.39000000 NaN NaN
5.40000000 NaN NaN
5.41000000 NaN NaN
5.42000000 NaN NaN
5.43000000 NaN NaN
5.44000000 NaN NaN
5.45000000 NaN NaN
5.46000000 NaN NaN
5.47000000 NaN NaN
5.48000000 NaN NaN
5.49000000 NaN NaN
5.50000000 NaN NaN
5.51000000 NaN NaN
5.52000000 NaN NaN
5.53000000 NaN NaN
5.54000000 NaN NaN
5.55000000 NaN NaN
5.56000000 NaN NaN
5.57000000 NaN NaN
5.58000000 NaN NaN
5.59000000 NaN NaN
5.60000000 NaN NaN
5.61000000 NaN NaN
5.62000000 NaN NaN
5.63000000 NaN NaN
5.64000000 NaN NaN
5.65000000 NaN NaN
5.66000000 NaN NaN
5.67000000 NaN NaN
5.68000000 NaN NaN
5.69000000 NaN NaN
5.70000000 NaN NaN
5.71000000 NaN NaN
5.72000000 NaN NaN
5.73000000 NaN NaN
5.74000000 NaN NaN
5.75000000 NaN NaN
5.76000000 NaN NaN
5.77000000 NaN NaN
5.78000000 NaN NaN
5.79000000 NaN NaN
5.80000000 NaN NaN
5.81000000 NaN NaN
5.82000000 NaN NaN
5.83000000 NaN NaN
5.84000000 NaN NaN
5.85000000 NaN NaN
5.86000000 NaN NaN
5.87000000 NaN NaN
5.88000000 NaN NaN
5.89000000 NaN NaN
5.90000000 NaN NaN
5.91000000 NaN NaN
5.92000000 NaN NaN
5.93000000 NaN NaN
5.94000000 NaN NaN
5.95000000 NaN NaN
5.96000000 NaN NaN
5.97000000 NaN NaN
5.98000000 NaN NaN
5.99000000 NaN NaN
6.00000000 NaN NaN
6.01000000 NaN NaN
6.02000000 NaN NaN
6.03000000 NaN NaN
6.04000000 NaN NaN
6.05000000 NaN NaN
6.06000000 NaN NaN
6.07000000 NaN NaN
6.08000000 NaN NaN
6.09000000 NaN NaN
6.10000000 NaN NaN
6.11000000 NaN NaN
6.12000000 NaN NaN
6.13000000 NaN NaN
6.14000000 NaN NaN
6.15000000 NaN NaN
6.16000000 NaN NaN
6.17000000 NaN NaN
6.18000000 NaN NaN
6.19000000 NaN NaN
6.20000000 NaN NaN
6.21000000 NaN NaN
6.22000000 NaN NaN
6.23000000 NaN NaN
6.24000000 NaN NaN
6.25000000 NaN NaN
6.26000000 NaN NaN
6.27000000 NaN NaN
6.28000000 NaN NaN
6.29000000 NaN NaN
6.30000000 NaN NaN
6.31000000 NaN NaN
6.32000000 NaN NaN
6.33000000 NaN NaN
6.34000000 NaN NaN
6.35000000 NaN NaN
6.36000000 NaN NaN
6.37000000 NaN NaN
6.38000000 NaN NaN
6.39000000 NaN NaN
6.40000000 NaN NaN
6.41000000 NaN NaN
6.42000000 NaN NaN
6.43000000 NaN NaN
6.44000000 NaN NaN
6.45000000 NaN NaN
6.46000000 NaN NaN
6.47000000 NaN NaN
6.48000000 NaN NaN
6.49000000 NaN NaN
6.50000000 NaN NaN
6.51000000 NaN NaN
6.52000000 NaN NaN
6.53000000 NaN NaN
6.54000000 NaN NaN
6.55000000 NaN NaN
6.56000000 NaN NaN
6.57000000 NaN NaN
6.58000000 NaN NaN
6.59000000 NaN NaN
6.60000000 NaN NaN
6.61000000 NaN NaN
6.62000000 NaN NaN
6.63000000 NaN NaN
6.64000000 NaN NaN
6.65000000 NaN NaN
6.66000000 NaN NaN
6.67000000 NaN NaN
6.68000000 NaN NaN
6.69000000 NaN NaN
6.70000000 NaN NaN
6.71000000 NaN NaN
6.72000000 NaN NaN
6.73000000 NaN NaN
6.74000000 NaN NaN
6.75000000 NaN NaN
6.76000000 NaN NaN
6.77000000 NaN NaN
6.78000000 NaN NaN
6.79000000 NaN NaN
6.80000000 NaN NaN
6.81000000 NaN NaN
6.82000000 NaN NaN
6.83000000 NaN NaN
6.84000000 NaN NaN
6.85000000 NaN NaN
6.86000000 NaN NaN
6.87000000 NaN NaN
6.88000000 NaN NaN
6.89000000 NaN NaN
6.90000000 NaN NaN
6.91000000 NaN NaN
6.92000000 NaN NaN
6.93000000 NaN NaN
6.94000000 NaN NaN
6.95000000 NaN NaN
6.96000000 NaN NaN
6.97000000 NaN NaN
6.98000000 NaN NaN
6.99000000 NaN NaN
7.00000000 NaN NaN
7.01000000 NaN NaN
7.02000000 NaN NaN
7.03000000 NaN NaN
7.04000000 NaN NaN
7.05000000 NaN NaN
7.06000000 NaN NaN
7.07000000 NaN NaN
7.08000000 NaN NaN
7.09000000 NaN NaN
7.10000000 NaN NaN
7.11000000 NaN NaN
7.12000000 NaN NaN
7.13000000 NaN NaN
7.14000000 NaN NaN
7.15000000 NaN NaN
7.16000000 NaN NaN
7.17000000 NaN NaN
7.18000000 NaN NaN
7.19000000 NaN NaN
7.20000000 NaN NaN
7.21000000 NaN NaN
7.22000000 NaN NaN
7.23000000 NaN NaN
7.24000000 NaN NaN
7.25000000 NaN NaN
7.26000000 NaN NaN
7.27000000 NaN NaN
7.28000000 NaN NaN
7.29000000 NaN NaN
7.30000000 NaN NaN
7.31000000 NaN NaN
7.32000000 NaN NaN
7.33000000 NaN NaN
7.34000000 NaN NaN
7.35000000 NaN NaN
7.36000000 NaN NaN
7.37000000 NaN NaN
7.38000000 NaN NaN
7.39000000 NaN NaN
7.40000000 NaN NaN
7.41000000 NaN NaN
7.42000000 NaN NaN
7.43000000 NaN NaN
7.44000000 NaN NaN
7.45000000 NaN NaN
7.46000000 NaN NaN
7.47000000 NaN NaN
7.48000000 NaN NaN
7.49000000 NaN NaN
7.50000000 NaN NaN
7.51000000 NaN NaN
7.52000000 NaN NaN
7.53000000 NaN NaN
7.54000000 NaN NaN
7.55000000 NaN NaN
7.56000000 NaN NaN
7.57000000 NaN NaN
7.58000000 NaN NaN
7.59000000 NaN NaN
7.60000000 NaN NaN
7.61000000 NaN NaN
7.62000000 NaN NaN
7.63000000 NaN NaN
7.64000000 NaN NaN
7.65000000 NaN NaN
7.66000000 NaN NaN
7.67000000 NaN NaN
7.68000000 NaN NaN
7.69000000 NaN NaN
7.70000000 NaN NaN
7.71000000 NaN NaN
7.72000000 NaN NaN
7.73000000 NaN NaN
7.74000000 NaN NaN
7.75000000 NaN NaN
7.76000000 NaN NaN
7.77000000 NaN NaN
7.78000000 NaN NaN
7.79000000 NaN NaN
7.80000000 NaN NaN
7.81000000 NaN NaN
7.82000000 NaN NaN
7.83000000 NaN NaN
7.84000000 NaN NaN
7.85000000 NaN NaN
7.86000000 NaN NaN
7.87000000 NaN NaN
7.88000000 NaN NaN
7.89000000 NaN NaN
7.90000000 NaN NaN
7.91000000 NaN NaN
7.92000000 NaN NaN
7.93000000 NaN NaN
7.94000000 NaN NaN
7.95000000 NaN NaN
7.96000000 NaN NaN
7.97000000 NaN NaN
7.98000000 NaN NaN
7.99000000 NaN NaN
8.00000000 NaN NaN
8.01000000 NaN NaN
8.02000000 NaN NaN
8.03000000 NaN NaN
8.04000000 NaN NaN
8.05000000 NaN NaN
8.06000000 NaN NaN
8.07000000 NaN NaN
8.08000000 NaN NaN
8.09000000 NaN NaN
8.10000000 NaN NaN
8.11000000 NaN NaN
8.12000000 NaN NaN
8.13000000 NaN NaN
8.14000000 NaN NaN
8.15000000 NaN NaN
8.16000000 NaN NaN
8.17000000 NaN NaN
8.18000000 NaN NaN
8.19000000 NaN NaN
8.20000000 NaN NaN
8.21000000 NaN NaN
8.22000000 NaN NaN
8.23000000 NaN NaN
8.24000000 NaN NaN
8.25000000 NaN NaN
8.26000000 NaN NaN
8.27000000 NaN NaN
8.28000000 NaN NaN
8.29000000 NaN NaN
8.30000000 NaN NaN
8.31000000 NaN NaN
8.32000000 NaN NaN
8.33000000 NaN NaN
8.34000000 NaN NaN
8.35000000 NaN NaN
8.36000000 NaN NaN
8.37000000 NaN NaN
8.38000000 NaN NaN
8.39000000 NaN NaN
8.40000000 NaN NaN
8.41000000 NaN NaN
8.42000000 NaN NaN
8.43000000 NaN NaN
8.44000000 NaN NaN
8.45000000 NaN NaN
8.46000000 NaN NaN
8.47000000 NaN NaN
8.48000000 NaN NaN
8.49000000 NaN NaN
8.50000000 NaN NaN
8.51000000 NaN NaN
8.52000000 NaN NaN
8.53000000 NaN NaN
8.54000000 NaN NaN
8.55000000 NaN NaN
8.56000000 NaN NaN
8.57000000 NaN NaN
8.58000000 NaN NaN
8.59000000 NaN NaN
8.60000000 NaN NaN
8.61000000 NaN NaN
8.62000000 NaN NaN
8.63000000 NaN NaN
8.64000000 NaN NaN
8.65000000 NaN NaN
8.66000000 NaN NaN
8.67000000 NaN NaN
8.68000000 NaN NaN
8.69000000 NaN NaN
8.70000000 NaN NaN
8.71000000 NaN NaN
8.72000000 NaN NaN
8.73000000 NaN NaN
8.74000000 NaN NaN
8.75000000 NaN NaN
8.76000000 NaN NaN
8.77000000 NaN NaN
8.78000000 NaN NaN
8.79000000 NaN NaN
8.80000000 NaN NaN
8.81000000 NaN NaN
8.82000000 NaN NaN
8.83000000 NaN NaN
8.84000000 NaN NaN
8.85000000 NaN NaN
8.86000000 NaN NaN
8.87000000 NaN NaN
8.88000000 NaN NaN
8.89000000 NaN NaN
8.90000000 NaN NaN
8.91000000 NaN NaN
8.92000000 NaN NaN
8.93000000 NaN NaN
8.94000000 NaN NaN
8.95000000 NaN NaN
8.96000000 NaN NaN
8.97000000 NaN NaN
8.98000000 NaN NaN
8.99000000 NaN NaN
9.00000000 NaN NaN
9.01000000 NaN NaN
9.02000000 NaN NaN
9.03000000 NaN NaN
9.04000000 NaN NaN
9.05000000 NaN NaN
9.06000000 NaN NaN
9.07000000 NaN NaN
9.08000000 NaN NaN
9.09000000 NaN NaN
9.10000000 NaN NaN
9.11000000 NaN NaN
9.12000000 NaN NaN
9.13000000 NaN NaN
9.14000000 NaN NaN
9.15000000 NaN NaN
9.16000000 NaN NaN
9.17000000 NaN NaN
9.18000000 NaN NaN
9.19000000 NaN NaN
9.20000000 NaN NaN
9.21000000 NaN NaN
9.22000000 NaN NaN
9.23000000 NaN NaN
9.24000000 NaN NaN
9.25000000 NaN NaN
9.26000000 NaN NaN
9.27000000 NaN NaN
9.28000000 NaN NaN
9.29000000 NaN NaN
9.30000000 NaN NaN
9.31000000 NaN NaN
9.32000000 NaN NaN
9.33000000 NaN NaN
9.34000000 NaN NaN
9.35000000 NaN NaN
9.36000000 NaN NaN
9.37000000 NaN NaN
9.38000000 NaN NaN
9.39000000 NaN NaN
9.40000000 NaN NaN
9.41000000 NaN NaN
9.42000000 NaN NaN
9.43000000 NaN NaN
9.44000000 NaN NaN
9.45000000 NaN NaN
9.46000000 NaN NaN
9.47000000 NaN NaN
9.48000000 NaN NaN
9.49000000 NaN NaN
9.50000000 NaN NaN
9.51000000 NaN NaN
9.52000000 NaN NaN
9.53000000 NaN NaN
9.54000000 NaN NaN
9.55000000 NaN NaN
9.56000000 NaN NaN
9.57000000 NaN NaN
9.58000000 NaN NaN
9.59000000 NaN NaN
9.60000000 NaN NaN
9.61000000 NaN NaN
9.62000000 NaN NaN
9.63000000 NaN NaN
9.64000000 NaN NaN
9.65000000 NaN NaN
9.66000000 NaN NaN
9.67000000 NaN NaN
9.68000000 NaN NaN
9.69000000 NaN NaN
9.70000000 NaN NaN
9.71000000 NaN NaN
9.72000000 NaN NaN
9.73000000 NaN NaN
9.74000000 NaN NaN
9.75000000 NaN NaN
9.76000000 NaN NaN
9.77000000 NaN NaN
9.78000000 NaN NaN
9.79000000 NaN NaN
9.80000000 NaN NaN
9.81000000 NaN NaN
9.82000000 NaN NaN
9.83000000 NaN NaN
9.84000000 NaN NaN
9.85000000 NaN NaN
9.86000000 NaN NaN
9.87000000 NaN NaN
9.88000000 NaN NaN
9.89000000 NaN NaN
9.90000000 NaN NaN
9.91000000 NaN NaN
9.92000000 NaN NaN
9.93000000 NaN NaN
9.94000000 NaN NaN
9.95000000 NaN NaN
9.96000000 NaN NaN
9.97000000 NaN NaN
9.98000000 NaN NaN
9.99000000 NaN NaN
10.00000000 NaN NaN
