0.00000000 1.00000000 1.00000000
0.01000000 1.00989901 0.98990101
0.02000000 1.01969605 0.97970405
0.03000000 1.02939015 0.96941015
0.04000000 1.03898036 0.95902034
0.05000000 1.04846571 0.94853569
0.06000000 1.05784528 0.93795723
0.07000000 1.06711815 0.92728605
0.08000000 1.07628338 0.91652322
0.09000000 1.08534008 0.90566982
0.10000000 1.09428735 0.89472694
0.11000000 1.10312430 0.88369570
0.12000000 1.11185007 0.87257720
0.13000000 1.12046380 0.86137256
0.14000000 1.12896463 0.85008292
0.15000000 1.13735172 0.83870940
0.16000000 1.14562425 0.82725316
0.17000000 1.15378141 0.81571534
0.18000000 1.16182238 0.80409712
0.19000000 1.16974638 0.79239966
0.20000000 1.17755262 0.78062413
0.21000000 1.18524033 0.76877173
0.22000000 1.19280877 0.75684364
0.23000000 1.20025718 0.74484107
0.24000000 1.20758483 0.73276522
0.25000000 1.21479101 0.72061731
0.26000000 1.22187499 0.70839856
0.27000000 1.22883609 0.69611020
0.28000000 1.23567363 0.68375346
0.29000000 1.24238692 0.67132959
0.30000000 1.24897532 0.65883984
0.31000000 1.25543818 0.64628546
0.32000000 1.26177485 0.63366771
0.33000000 1.26798473 0.62098786
0.34000000 1.27406721 0.60824719
0.35000000 1.28002167 0.59544697
0.36000000 1.28584756 0.58258850
0.37000000 1.29154429 0.56967305
0.38000000 1.29711131 0.55670194
0.39000000 1.30254807 0.54367646
0.40000000 1.30785405 0.53059792
0.41000000 1.31302873 0.51746763
0.42000000 1.31807160 0.50428692
0.43000000 1.32298217 0.49105709
0.44000000 1.32775996 0.47777949
0.45000000 1.33240452 0.46445545
0.46000000 1.33691538 0.45108630
0.47000000 1.34129212 0.43767337
0.48000000 1.34553430 0.42421803
0.49000000 1.34964151 0.41072162
0.50000000 1.35361337 0.39718548
0.51000000 1.35744948 0.38361099
0.52000000 1.36114947 0.36999949
0.53000000 1.36471300 0.35635236
0.54000000 1.36813971 0.34267097
0.55000000 1.37142927 0.32895667
0.56000000 1.37458138 0.31521086
0.57000000 1.37759573 0.30143490
0.58000000 1.38047203 0.28763018
0.59000000 1.38321001 0.27379808
0.60000000 1.38580941 0.25993999
0.61000000 1.38826999 0.24605729
0.62000000 1.39059150 0.23215137
0.63000000 1.39277374 0.21822364
0.64000000 1.39481649 0.20427547
0.65000000 1.39671957 0.19030827
0.66000000 1.39848281 0.17632345
0.67000000 1.40010603 0.16232239
0.68000000 1.40158910 0.14830650
0.69000000 1.40293187 0.13427718
0.70000000 1.40413423 0.12023583
0.71000000 1.40519606 0.10618387
0.72000000 1.40611729 0.09212270
0.73000000 1.40689783 0.07805372
0.74000000 1.40753761 0.06397835
0.75000000 1.40803659 0.04989798
0.76000000 1.40839473 0.03581403
0.77000000 1.40861201 0.02172791
0.78000000 1.40868842 0.00764103
0.79000000 1.40862397 -0.00644521
0.80000000 1.40841868 -0.02052940
0.81000000 1.40807257 -0.03461012
0.82000000 1.40758572 -0.04868598
0.83000000 1.40695816 -0.06275556
0.84000000 1.40618998 -0.07681746
0.85000000 1.40528128 -0.09087027
0.86000000 1.40423216 -0.10491260
0.87000000 1.40304273 -0.11894302
0.88000000 1.40171312 -0.13296015
0.89000000 1.40024350 -0.14696259
0.90000000 1.39863401 -0.16094893
0.91000000 1.39688483 -0.17491778
0.92000000 1.39499615 -0.18886774
0.93000000 1.39296818 -0.20279742
0.94000000 1.39080113 -0.21670543
0.95000000 1.38849522 -0.23059038
0.96000000 1.38605071 -0.24445089
0.97000000 1.38346786 -0.25828557
0.98000000 1.38074693 -0.27209304
0.99000000 1.37788821 -0.28587192
1.00000000 1.37489200 -0.29962084
1.01000000 1.37175861 -0.31333843
1.02000000 1.36848838 -0.32702331
1.03000000 1.36508164 -0.34067413
1.04000000 1.36153875 -0.35428952
1.05000000 1.35786006 -0.36786812
1.06000000 1.35404598 -0.38140858
1.07000000 1.35009688 -0.39490955
1.08000000 1.34601319 -0.40836968
1.09000000 1.34179531 -0.42178763
1.10000000 1.33744369 -0.43516207
1.11000000 1.33295877 -0.44849165
1.12000000 1.32834102 -0.46177506
1.13000000 1.32359091 -0.47501097
1.14000000 1.31870893 -0.48819806
1.15000000 1.31369558 -0.50133502
1.16000000 1.30855138 -0.51442053
1.17000000 1.30327684 -0.52745330
1.18000000 1.29787252 -0.54043203
1.19000000 1.29233897 -0.55335542
1.20000000 1.28667675 -0.56622218
1.21000000 1.28088644 -0.57903105
1.22000000 1.27496863 -0.59178073
1.23000000 1.26892393 -0.60446997
1.24000000 1.26275295 -0.61709750
1.25000000 1.25645633 -0.62966207
1.26000000 1.25003471 -0.64216241
1.27000000 1.24348874 -0.65459730
1.28000000 1.23681908 -0.66696549
1.29000000 1.23002642 -0.67926576
1.30000000 1.22311145 -0.69149687
1.31000000 1.21607488 -0.70365762
1.32000000 1.20891741 -0.71574679
1.33000000 1.20163978 -0.72776319
1.34000000 1.19424272 -0.73970562
1.35000000 1.18672699 -0.75157289
1.36000000 1.17909336 -0.76336382
1.37000000 1.17134258 -0.77507725
1.38000000 1.16347546 -0.78671200
1.39000000 1.15549279 -0.79826693
1.40000000 1.14739538 -0.80974088
1.41000000 1.13918406 -0.82113272
1.42000000 1.13085964 -0.83244132
1.43000000 1.12242299 -0.84366555
1.44000000 1.11387495 -0.85480430
1.45000000 1.10521638 -0.86585646
1.46000000 1.09644817 -0.87682095
1.47000000 1.08757121 -0.88769666
1.48000000 1.07858638 -0.89848252
1.49000000 1.06949461 -0.90917747
1.50000000 1.06029680 -0.91978044
1.51000000 1.05099390 -0.93029037
1.52000000 1.04158683 -0.94070624
1.53000000 1.03207656 -0.95102701
1.54000000 1.02246405 -0.96125165
1.55000000 1.01275026 -0.97137915
1.56000000 1.00293617 -0.98140851
1.57000000 0.99302278 -0.99133874
1.58000000 0.98301110 -1.00116885
1.59000000 0.97290212 -1.01089787
1.60000000 0.96269687 -1.02052484
1.61000000 0.95239638 -1.03004881
1.62000000 0.94200169 -1.03946882
1.63000000 0.93151385 -1.04878396
1.64000000 0.92093392 -1.05799330
1.65000000 0.91026296 -1.06709593
1.66000000 0.89950205 -1.07609095
1.67000000 0.88865228 -1.08497747
1.68000000 0.87771473 -1.09375462
1.69000000 0.86669051 -1.10242153
1.70000000 0.85558074 -1.11097733
1.71000000 0.84438653 -1.11942120
1.72000000 0.83310901 -1.12775229
1.73000000 0.82174931 -1.13596978
1.74000000 0.81030858 -1.14407287
1.75000000 0.79878797 -1.15206075
1.76000000 0.78718865 -1.15993263
1.77000000 0.77551177 -1.16768775
1.78000000 0.76375852 -1.17532534
1.79000000 0.75193007 -1.18284464
1.80000000 0.74002762 -1.19024491
1.81000000 0.72805237 -1.19752544
1.82000000 0.71600551 -1.20468549
1.83000000 0.70388827 -1.21172438
1.84000000 0.69170185 -1.21864139
1.85000000 0.67944749 -1.22543587
1.86000000 0.66712642 -1.23210713
1.87000000 0.65473988 -1.23865453
1.88000000 0.64228910 -1.24507742
1.89000000 0.62977535 -1.25137518
1.90000000 0.61719988 -1.25754717
1.91000000 0.60456395 -1.26359281
1.92000000 0.59186884 -1.26951150
1.93000000 0.57911581 -1.27530266
1.94000000 0.56630615 -1.28096572
1.95000000 0.55344115 -1.28650013
1.96000000 0.54052210 -1.29190535
1.97000000 0.52755029 -1.29718086
1.98000000 0.51452703 -1.30232613
1.99000000 0.50145362 -1.30734066
2.00000000 0.48833138 -1.31222398
2.01000000 0.47516163 -1.31697559
2.02000000 0.46194568 -1.32159505
2.03000000 0.44868486 -1.32608190
2.04000000 0.43538050 -1.33043570
2.05000000 0.42203394 -1.33465604
2.06000000 0.40864651 -1.33874251
2.07000000 0.39521957 -1.34269470
2.08000000 0.38175444 -1.34651225
2.09000000 0.36825250 -1.35019477
2.10000000 0.35471508 -1.35374193
2.11000000 0.34114354 -1.35715336
2.12000000 0.32753926 -1.36042875
2.13000000 0.31390358 -1.36356779
2.14000000 0.30023788 -1.36657017
2.15000000 0.28654352 -1.36943560
2.16000000 0.27282188 -1.37216382
2.17000000 0.25907434 -1.37475456
2.18000000 0.24530226 -1.37720759
2.19000000 0.23150703 -1.37952266
2.20000000 0.21769004 -1.38169956
2.21000000 0.20385266 -1.38373808
2.22000000 0.18999628 -1.38563805
2.23000000 0.17612228 -1.38739927
2.24000000 0.16223207 -1.38902159
2.25000000 0.14832702 -1.39050486
2.26000000 0.13440853 -1.39184895
2.27000000 0.12047799 -1.39305373
2.28000000 0.10653680 -1.39411909
2.29000000 0.09258635 -1.39504496
2.30000000 0.07862804 -1.39583124
2.31000000 0.06466326 -1.39647787
2.32000000 0.05069341 -1.39698481
2.33000000 0.03671989 -1.39735200
2.34000000 0.02274410 -1.39757945
2.35000000 0.00876743 -1.39766712
2.36000000 -0.00520872 -1.39761503
2.37000000 -0.01918295 -1.39742320
2.38000000 -0.03315387 -1.39709166
2.39000000 -0.04712008 -1.39662046
2.40000000 -0.06108017 -1.39600966
2.41000000 -0.07503277 -1.39525933
2.42000000 -0.08897646 -1.39436957
2.43000000 -0.10290987 -1.39334047
2.44000000 -0.11683159 -1.39217215
2.45000000 -0.13074024 -1.39086475
2.46000000 -0.14463442 -1.38941841
2.47000000 -0.15851275 -1.38783328
2.48000000 -0.17237385 -1.38610954
2.49000000 -0.18621632 -1.38424738
2.50000000 -0.20003879 -1.38224699
2.51000000 -0.21383988 -1.38010859
2.52000000 -0.22761820 -1.37783241
2.53000000 -0.24137239 -1.37541869
2.54000000 -0.25510107 -1.37286768
2.55000000 -0.26880286 -1.37017965
2.56000000 -0.28247641 -1.36735488
2.57000000 -0.29612035 -1.36439368
2.58000000 -0.30973331 -1.36129635
2.59000000 -0.32331394 -1.35806321
2.60000000 -0.33686089 -1.35469460
2.61000000 -0.35037280 -1.35119087
2.62000000 -0.36384832 -1.34755239
2.63000000 -0.37728612 -1.34377953
2.64000000 -0.39068484 -1.33987268
2.65000000 -0.40404317 -1.33583225
2.66000000 -0.41735975 -1.33165865
2.67000000 -0.43063328 -1.32735232
2.68000000 -0.44386241 -1.32291369
2.69000000 -0.45704584 -1.31834323
2.70000000 -0.47018226 -1.31364141
2.71000000 -0.48327035 -1.30880871
2.72000000 -0.49630880 -1.30384562
2.73000000 -0.50929633 -1.29875266
2.74000000 -0.52223163 -1.29353034
2.75000000 -0.53511342 -1.28817920
2.76000000 -0.54794042 -1.28269980
2.77000000 -0.56071135 -1.27709269
2.78000000 -0.57342493 -1.27135844
2.79000000 -0.58607991 -1.26549764
2.80000000 -0.59867502 -1.25951089
2.81000000 -0.61120901 -1.25339880
2.82000000 -0.62368063 -1.24716199
2.83000000 -0.63608864 -1.24080111
2.84000000 -0.64843181 -1.23431679
2.85000000 -0.66070890 -1.22770970
2.86000000 -0.67291871 -1.22098051
2.87000000 -0.68506001 -1.21412991
2.88000000 -0.69713159 -1.20715860
2.89000000 -0.70913227 -1.20006727
2.90000000 -0.72106083 -1.19285666
2.91000000 -0.73291611 -1.18552750
2.92000000 -0.74469691 -1.17808053
2.93000000 -0.75640208 -1.17051651
2.94000000 -0.76803044 -1.16283621
2.95000000 -0.77958084 -1.15504040
2.96000000 -0.79105214 -1.14712988
2.97000000 -0.80244320 -1.13910545
2.98000000 -0.81375288 -1.13096792
2.99000000 -0.82498006 -1.12271812
3.00000000 -0.83612363 -1.11435688
3.01000000 -0.84718248 -1.10588506
3.02000000 -0.85815551 -1.09730350
3.03000000 -0.86904164 -1.08861309
3.04000000 -0.87983979 -1.07981469
3.05000000 -0.89054888 -1.07090920
3.06000000 -0.90116786 -1.06189752
3.07000000 -0.91169566 -1.05278056
3.08000000 -0.92213125 -1.04355925
3.09000000 -0.93247360 -1.03423452
3.10000000 -0.94272167 -1.02480730
3.11000000 -0.95287446 -1.01527855
3.12000000 -0.96293095 -1.00564924
3.13000000 -0.97289015 -0.99592034
3.14000000 -0.98275108 -0.98609283
3.15000000 -0.99251276 -0.97616770
3.16000000 -1.00217422 -0.96614596
3.17000000 -1.01173451 -0.95602862
3.18000000 -1.02119267 -0.94581669
3.19000000 -1.03054778 -0.93551121
3.20000000 -1.03979892 -0.92511322
3.21000000 -1.04894515 -0.91462377
3.22000000 -1.05798559 -0.90404392
3.23000000 -1.06691934 -0.89337472
3.24000000 -1.07574551 -0.88261727
3.25000000 -1.08446324 -0.87177264
3.26000000 -1.09307166 -0.86084192
3.27000000 -1.10156992 -0.84982622
3.28000000 -1.10995719 -0.83872665
3.29000000 -1.11823263 -0.82754432
3.30000000 -1.12639543 -0.81628037
3.31000000 -1.13444479 -0.80493592
3.32000000 -1.14237991 -0.79351212
3.33000000 -1.15020002 -0.78201012
3.34000000 -1.15790433 -0.77043108
3.35000000 -1.16549209 -0.75877616
3.36000000 -1.17296255 -0.74704653
3.37000000 -1.18031499 -0.73524338
3.38000000 -1.18754867 -0.72336789
3.39000000 -1.19466288 -0.71142126
3.40000000 -1.20165693 -0.69940470
3.41000000 -1.20853012 -0.68731939
3.42000000 -1.21528179 -0.67516658
3.43000000 -1.22191126 -0.66294746
3.44000000 -1.22841789 -0.65066328
3.45000000 -1.23480105 -0.63831527
3.46000000 -1.24106009 -0.62590467
3.47000000 -1.24719442 -0.61343273
3.48000000 -1.25320343 -0.60090069
3.49000000 -1.25908653 -0.58830983
3.50000000 -1.26484314 -0.57566140
3.51000000 -1.27047271 -0.56295667
3.52000000 -1.27597468 -0.55019692
3.53000000 -1.28134851 -0.53738344
3.54000000 -1.28659368 -0.52451750
3.55000000 -1.29170969 -0.51160041
3.56000000 -1.29669602 -0.49863345
3.57000000 -1.30155220 -0.48561792
3.58000000 -1.30627775 -0.47255515
3.59000000 -1.31087222 -0.45944642
3.60000000 -1.31533515 -0.44629307
3.61000000 -1.31966611 -0.43309641
3.62000000 -1.32386469 -0.41985776
3.63000000 -1.32793048 -0.40657846
3.64000000 -1.33186307 -0.39325983
3.65000000 -1.33566211 -0.37990321
3.66000000 -1.33932720 -0.36650994
3.67000000 -1.34285802 -0.35308136
3.68000000 -1.34625421 -0.33961881
3.69000000 -1.34951544 -0.32612366
3.70000000 -1.35264142 -0.31259724
3.71000000 -1.35563182 -0.29904093
3.72000000 -1.35848639 -0.28545606
3.73000000 -1.36120483 -0.27184401
3.74000000 -1.36378689 -0.25820615
3.75000000 -1.36623233 -0.24454382
3.76000000 -1.36854091 -0.23085841
3.77000000 -1.37071242 -0.21715129
3.78000000 -1.37274666 -0.20342382
3.79000000 -1.37464343 -0.18967739
3.80000000 -1.37640257 -0.17591336
3.81000000 -1.37802390 -0.16213312
3.82000000 -1.37950728 -0.14833805
3.83000000 -1.38085257 -0.13452952
3.84000000 -1.38205966 -0.12070893
3.85000000 -1.38312844 -0.10687764
3.86000000 -1.38405881 -0.09303706
3.87000000 -1.38485070 -0.07918855
3.88000000 -1.38550403 -0.06533351
3.89000000 -1.38601876 -0.05147332
3.90000000 -1.38639486 -0.03760937
3.91000000 -1.38663229 -0.02374305
3.92000000 -1.38673105 -0.00987574
3.93000000 -1.38669113 0.00399117
3.94000000 -1.38651257 0.01785630
3.95000000 -1.38619539 0.03171825
3.96000000 -1.38573963 0.04557565
3.97000000 -1.38514536 0.05942710
3.98000000 -1.38441265 0.07327123
3.99000000 -1.38354158 0.08710664
4.00000000 -1.38253226 0.10093197
4.01000000 -1.38138481 0.11474582
4.02000000 -1.38009934 0.12854681
4.03000000 -1.37867600 0.14233357
4.04000000 -1.37711495 0.15610472
4.05000000 -1.37541637 0.16985888
4.06000000 -1.37358042 0.18359469
4.07000000 -1.37160731 0.19731076
4.08000000 -1.36949725 0.21100573
4.09000000 -1.36725047 0.22467824
4.10000000 -1.36486720 0.23832691
4.11000000 -1.36234770 0.25195039
4.12000000 -1.35969223 0.26554731
4.13000000 -1.35690106 0.27911632
4.14000000 -1.35397450 0.29265606
4.15000000 -1.35091285 0.30616519
4.16000000 -1.34771643 0.31964236
4.17000000 -1.34438556 0.33308621
4.18000000 -1.34092061 0.34649542
4.19000000 -1.33732192 0.35986864
4.20000000 -1.33358988 0.37320454
4.21000000 -1.32972486 0.38650178
4.22000000 -1.32572727 0.39975906
4.23000000 -1.32159752 0.41297503
4.24000000 -1.31733604 0.42614839
4.25000000 -1.31294326 0.43927783
4.26000000 -1.30841964 0.45236202
4.27000000 -1.30376564 0.46539968
4.28000000 -1.29898175 0.47838950
4.29000000 -1.29406844 0.49133018
4.30000000 -1.28902624 0.50422044
4.31000000 -1.28385565 0.51705900
4.32000000 -1.27855720 0.52984457
4.33000000 -1.27313144 0.54257589
4.34000000 -1.26757893 0.55525167
4.35000000 -1.26190022 0.56787068
4.36000000 -1.25609590 0.58043164
4.37000000 -1.25016657 0.59293330
4.38000000 -1.24411283 0.60537443
4.39000000 -1.23793529 0.61775378
4.40000000 -1.23163459 0.63007013
4.41000000 -1.22521137 0.64232224
4.42000000 -1.21866628 0.65450890
4.43000000 -1.21199999 0.66662890
4.44000000 -1.20521318 0.67868104
4.45000000 -1.19830654 0.69066410
4.46000000 -1.19128077 0.70257691
4.47000000 -1.18413658 0.71441828
4.48000000 -1.17687471 0.72618702
4.49000000 -1.16949589 0.73788198
4.50000000 -1.16200087 0.74950199
4.51000000 -1.15439042 0.76104589
4.52000000 -1.14666529 0.77251255
4.53000000 -1.13882628 0.78390081
4.54000000 -1.13087419 0.79520955
4.55000000 -1.12280981 0.80643765
4.56000000 -1.11463397 0.81758399
4.57000000 -1.10634750 0.82864746
4.58000000 -1.09795123 0.83962698
4.59000000 -1.08944601 0.85052144
4.60000000 -1.08083271 0.86132976
4.61000000 -1.07211220 0.87205089
4.62000000 -1.06328537 0.88268374
4.63000000 -1.05435309 0.89322727
4.64000000 -1.04531629 0.90368043
4.65000000 -1.03617587 0.91404219
4.66000000 -1.02693275 0.92431152
4.67000000 -1.01758788 0.93448740
4.68000000 -1.00814219 0.94456882
4.69000000 -0.99859664 0.95455479
4.70000000 -0.98895220 0.96444431
4.71000000 -0.97920984 0.97423641
4.72000000 -0.96937053 0.98393011
4.73000000 -0.95943529 0.99352447
4.74000000 -0.94940510 1.00301852
4.75000000 -0.93928099 1.01241133
4.76000000 -0.92906397 1.02170197
4.77000000 -0.91875508 1.03088952
4.78000000 -0.90835535 1.03997307
4.79000000 -0.89786583 1.04895173
4.80000000 -0.88728758 1.05782460
4.81000000 -0.87662167 1.06659082
4.82000000 -0.86586918 1.07524951
4.83000000 -0.85503118 1.08379983
4.84000000 -0.84410877 1.09224091
4.85000000 -0.83310305 1.10057194
4.86000000 -0.82201513 1.10879209
4.87000000 -0.81084613 1.11690056
4.88000000 -0.79959716 1.12489653
4.89000000 -0.78826937 1.13277922
4.90000000 -0.77686389 1.14054786
4.91000000 -0.76538187 1.14820168
4.92000000 -0.75382447 1.15573992
4.93000000 -0.74219286 1.16316185
4.94000000 -0.73048819 1.17046673
4.95000000 -0.71871165 1.17765385
4.96000000 -0.70686442 1.18472249
4.97000000 -0.69494770 1.19167197
4.98000000 -0.68296269 1.19850160
4.99000000 -0.67091058 1.20521070
5.00000000 -0.65879260 1.21179863
5.01000000 -0.64660995 1.21826473
5.02000000 -0.63436386 1.22460837
5.03000000 -0.62205558 1.23082892
5.04000000 -0.60968632 1.23692579
5.05000000 -0.59725733 1.24289836
5.06000000 -0.58476987 1.24874606
5.07000000 -0.57222519 1.25446831
5.08000000 -0.55962454 1.26006456
5.09000000 -0.54696920 1.26553425
5.10000000 -0.53426043 1.27087685
5.11000000 -0.52149951 1.27609185
5.12000000 -0.50868773 1.28117873
5.13000000 -0.49582636 1.28613699
5.14000000 -0.48291670 1.29096616
5.15000000 -0.46996004 1.29566576
5.16000000 -0.45695769 1.30023533
5.17000000 -0.44391094 1.30467444
5.18000000 -0.43082111 1.30898265
5.19000000 -0.41768952 1.31315955
5.20000000 -0.40451747 1.31720472
5.21000000 -0.39130629 1.32111779
5.22000000 -0.37805731 1.32489836
5.23000000 -0.36477185 1.32854608
5.24000000 -0.35145124 1.33206059
5.25000000 -0.33809683 1.33544156
5.26000000 -0.32470994 1.33868866
5.27000000 -0.31129193 1.34180158
5.28000000 -0.29784413 1.34478002
5.29000000 -0.28436789 1.34762370
5.30000000 -0.27086456 1.35033234
5.31000000 -0.25733551 1.35290570
5.32000000 -0.24378207 1.35534352
5.33000000 -0.23020562 1.35764558
5.34000000 -0.21660750 1.35981165
5.35000000 -0.20298909 1.36184154
5.36000000 -0.18935173 1.36373506
5.37000000 -0.17569681 1.36549203
5.38000000 -0.16202569 1.36711228
5.39000000 -0.14833973 1.36859568
5.40000000 -0.13464031 1.36994208
5.41000000 -0.12092880 1.37115137
5.42000000 -0.10720657 1.37222344
5.43000000 -0.09347498 1.37315819
5.44000000 -0.07973543 1.37395554
5.45000000 -0.06598927 1.37461543
5.46000000 -0.05223790 1.37513781
5.47000000 -0.03848267 1.37552264
5.48000000 -0.02472497 1.37576989
5.49000000 -0.01096617 1.37587955
5.50000000 0.00279234 1.37585163
5.51000000 0.01654920 1.37568614
5.52000000 0.03030303 1.37538311
5.53000000 0.04405246 1.37494258
5.54000000 0.05779611 1.37436462
5.55000000 0.07153260 1.37364929
5.56000000 0.08526057 1.37279669
5.57000000 0.09897863 1.37180690
5.58000000 0.11268544 1.37068005
5.59000000 0.12637960 1.36941625
5.60000000 0.14005975 1.36801565
5.61000000 0.15372454 1.36647841
5.62000000 0.16737259 1.36480468
5.63000000 0.18100253 1.36299466
5.64000000 0.19461302 1.36104853
5.65000000 0.20820268 1.35896650
5.66000000 0.22177017 1.35674880
5.67000000 0.23531413 1.35439566
5.68000000 0.24883320 1.35190733
5.69000000 0.26232604 1.34928407
5.70000000 0.27579130 1.34652615
5.71000000 0.28922764 1.34363388
5.72000000 0.30263372 1.34060754
5.73000000 0.31600819 1.33744746
5.74000000 0.32934973 1.33415396
5.75000000 0.34265700 1.33072739
5.76000000 0.35592869 1.32716810
5.77000000 0.36916345 1.32347647
5.78000000 0.38235998 1.31965287
5.79000000 0.39551696 1.31569770
5.80000000 0.40863307 1.31161137
5.81000000 0.42170701 1.30739430
5.82000000 0.43473748 1.30304692
5.83000000 0.44772318 1.29856969
5.84000000 0.46066281 1.29396306
5.85000000 0.47355508 1.28922751
5.86000000 0.48639872 1.28436353
5.87000000 0.49919244 1.27937160
5.88000000 0.51193496 1.27425225
5.89000000 0.52462502 1.26900600
5.90000000 0.53726135 1.26363339
5.91000000 0.54984270 1.25813496
5.92000000 0.56236781 1.25251128
5.93000000 0.57483544 1.24676293
5.94000000 0.58724435 1.24089049
5.95000000 0.59959329 1.23489455
5.96000000 0.61188105 1.22877574
5.97000000 0.62410640 1.22253468
5.98000000 0.63626812 1.21617200
5.99000000 0.64836500 1.20968835
6.00000000 0.66039585 1.20308439
6.01000000 0.67235945 1.19636079
6.02000000 0.68425464 1.18951825
6.03000000 0.69608021 1.18255744
6.04000000 0.70783500 1.17547909
6.05000000 0.71951784 1.16828392
6.06000000 0.73112757 1.16097264
6.07000000 0.74266303 1.15354601
6.08000000 0.75412307 1.14600478
6.09000000 0.76550657 1.13834971
6.10000000 0.77681239 1.13058159
6.11000000 0.78803940 1.12270120
6.12000000 0.79918649 1.11470933
6.13000000 0.81025256 1.10660681
6.14000000 0.82123651 1.09839444
6.15000000 0.83213724 1.09007307
6.16000000 0.84295367 1.08164353
6.17000000 0.85368474 1.07310668
6.18000000 0.86432937 1.06446339
6.19000000 0.87488652 1.05571453
6.20000000 0.88535513 1.04686097
6.21000000 0.89573416 1.03790363
6.22000000 0.90602260 1.02884341
6.23000000 0.91621941 1.01968121
6.24000000 0.92632359 1.01041798
6.25000000 0.93633414 1.00105464
6.26000000 0.94625006 0.99159213
6.27000000 0.95607037 0.98203143
6.28000000 0.96579411 0.97237349
6.29000000 0.97542030 0.96261929
6.30000000 0.98494800 0.95276981
6.31000000 0.99437626 0.94282604
6.32000000 1.00370415 0.93278900
6.33000000 1.01293074 0.92265970
6.34000000 1.02205514 0.91243914
6.35000000 1.03107642 0.90212838
6.36000000 1.03999370 0.89172844
6.37000000 1.04880611 0.88124038
6.38000000 1.05751276 0.87066525
6.39000000 1.06611280 0.86000413
6.40000000 1.07460538 0.84925807
6.41000000 1.08298966 0.83842818
6.42000000 1.09126482 0.82751553
6.43000000 1.09943003 0.81652123
6.44000000 1.10748450 0.80544638
6.45000000 1.11542742 0.79429211
6.46000000 1.12325801 0.78305953
6.47000000 1.13097551 0.77174977
6.48000000 1.13857915 0.76036398
6.49000000 1.14606818 0.74890330
6.50000000 1.15344187 0.73736888
6.51000000 1.16069949 0.72576189
6.52000000 1.16784033 0.71408348
6.53000000 1.17486367 0.70233485
6.54000000 1.18176885 0.69051716
6.55000000 1.18855516 0.67863161
6.56000000 1.19522196 0.66667939
6.57000000 1.20176857 0.65466170
6.58000000 1.20819437 0.64257976
6.59000000 1.21449872 0.63043477
6.60000000 1.22068100 0.61822796
6.61000000 1.22674060 0.60596055
6.62000000 1.23267694 0.59363378
6.63000000 1.23848943 0.58124889
6.64000000 1.24417750 0.56880711
6.65000000 1.24974060 0.55630971
6.66000000 1.25517818 0.54375793
6.67000000 1.26048971 0.53115303
6.68000000 1.26567467 0.51849628
6.69000000 1.27073256 0.50578896
6.70000000 1.27566288 0.49303233
6.71000000 1.28046516 0.48022768
6.72000000 1.28513892 0.46737629
6.73000000 1.28968372 0.45447945
6.74000000 1.29409910 0.44153846
6.75000000 1.29838465 0.42855461
6.76000000 1.30253994 0.41552921
6.77000000 1.30656458 0.40246357
6.78000000 1.31045817 0.38935899
6.79000000 1.31422033 0.37621678
6.80000000 1.31785072 0.36303828
6.81000000 1.32134896 0.34982479
6.82000000 1.32471474 0.33657764
6.83000000 1.32794772 0.32329816
6.84000000 1.33104760 0.30998769
6.85000000 1.33401407 0.29664754
6.86000000 1.33684687 0.28327908
6.87000000 1.33954570 0.26988362
6.88000000 1.34211033 0.25646252
6.89000000 1.34454050 0.24301711
6.90000000 1.34683599 0.22954875
6.91000000 1.34899657 0.21605879
6.92000000 1.35102206 0.20254856
6.93000000 1.35291225 0.18901944
6.94000000 1.35466698 0.17547277
6.95000000 1.35628608 0.16190991
6.96000000 1.35776940 0.14833222
6.97000000 1.35911681 0.13474105
6.98000000 1.36032819 0.12113777
6.99000000 1.36140343 0.10752373
7.00000000 1.36234243 0.09390031
7.01000000 1.36314512 0.08026886
7.02000000 1.36381143 0.06663074
7.03000000 1.36434130 0.05298733
7.04000000 1.36473470 0.03933998
7.05000000 1.36499160 0.02569007
7.06000000 1.36511199 0.01203895
7.07000000 1.36509587 -0.00161201
7.08000000 1.36494326 -0.01526144
7.09000000 1.36465418 -0.02890799
7.10000000 1.36422867 -0.04255027
7.11000000 1.36366680 -0.05618694
7.12000000 1.36296864 -0.06981663
7.13000000 1.36213426 -0.08343797
7.14000000 1.36116376 -0.09704961
7.15000000 1.36005726 -0.11065018
7.16000000 1.35881488 -0.12423833
7.17000000 1.35743675 -0.13781270
7.18000000 1.35592303 -0.15137193
7.19000000 1.35427388 -0.16491466
7.20000000 1.35248949 -0.17843956
7.21000000 1.35057004 -0.19194526
7.22000000 1.34851573 -0.20543042
7.23000000 1.34632679 -0.21889369
7.24000000 1.34400346 -0.23233372
7.25000000 1.34154597 -0.24574918
7.26000000 1.33895458 -0.25913873
7.27000000 1.33622957 -0.27250102
7.28000000 1.33337122 -0.28583473
7.29000000 1.33037984 -0.29913853
7.30000000 1.32725572 -0.31241109
7.31000000 1.32399921 -0.32565108
7.32000000 1.32061064 -0.33885719
7.33000000 1.31709036 -0.35202809
7.34000000 1.31343874 -0.36516248
7.35000000 1.30965615 -0.37825904
7.36000000 1.30574298 -0.39131647
7.37000000 1.30169965 -0.40433347
7.38000000 1.29752656 -0.41730873
7.39000000 1.29322415 -0.43024097
7.40000000 1.28879286 -0.44312890
7.41000000 1.28423315 -0.45597123
7.42000000 1.27954548 -0.46876669
7.43000000 1.27473034 -0.48151399
7.44000000 1.26978822 -0.49421187
7.45000000 1.26471963 -0.50685907
7.46000000 1.25952509 -0.51945432
7.47000000 1.25420512 -0.53199637
7.48000000 1.24876028 -0.54448397
7.49000000 1.24319113 -0.55691589
7.50000000 1.23749822 -0.56929087
7.51000000 1.23168214 -0.58160769
7.52000000 1.22574349 -0.59386512
7.53000000 1.21968287 -0.60606195
7.54000000 1.21350090 -0.61819696
7.55000000 1.20719821 -0.63026894
7.56000000 1.20077544 -0.64227670
7.57000000 1.19423325 -0.65421903
7.58000000 1.18757231 -0.66609475
7.59000000 1.18079328 -0.67790269
7.60000000 1.17389686 -0.68964166
7.61000000 1.16688376 -0.70131049
7.62000000 1.15975468 -0.71290804
7.63000000 1.15251035 -0.72443314
7.64000000 1.14515150 -0.73588466
7.65000000 1.13767888 -0.74726145
7.66000000 1.13009326 -0.75856238
7.67000000 1.12239540 -0.76978633
7.68000000 1.11458608 -0.78093219
7.69000000 1.10666609 -0.79199886
7.70000000 1.09863623 -0.80298522
7.71000000 1.09049733 -0.81389019
7.72000000 1.08225021 -0.82471269
7.73000000 1.07389569 -0.83545165
7.74000000 1.06543463 -0.84610600
7.75000000 1.05686788 -0.85667468
7.76000000 1.04819632 -0.86715664
7.77000000 1.03942081 -0.87755085
7.78000000 1.03054225 -0.88785627
7.79000000 1.02156153 -0.89807188
7.80000000 1.01247956 -0.90819668
7.81000000 1.00329726 -0.91822965
7.82000000 0.99401556 -0.92816981
7.83000000 0.98463540 -0.93801616
7.84000000 0.97515773 -0.94776774
7.85000000 0.96558349 -0.95742357
7.86000000 0.95591366 -0.96698271
7.87000000 0.94614922 -0.97644420
7.88000000 0.93629115 -0.98580711
7.89000000 0.92634044 -0.99507052
7.90000000 0.91629811 -1.00423350
7.91000000 0.90616516 -1.01329515
7.92000000 0.89594261 -1.02225458
7.93000000 0.88563150 -1.03111089
7.94000000 0.87523287 -1.03986322
7.95000000 0.86474776 -1.04851070
7.96000000 0.85417724 -1.05705247
7.97000000 0.84352236 -1.06548770
7.98000000 0.83278421 -1.07381554
7.99000000 0.82196386 -1.08203518
8.00000000 0.81106240 -1.09014580
8.01000000 0.80008093 -1.09814661
8.02000000 0.78902056 -1.10603681
8.03000000 0.77788241 -1.11381564
8.04000000 0.76666758 -1.12148231
8.05000000 0.75537722 -1.12903609
8.06000000 0.74401246 -1.13647621
8.07000000 0.73257444 -1.14380196
8.08000000 0.72106432 -1.15101260
8.09000000 0.70948324 -1.15810743
8.10000000 0.69783238 -1.16508576
8.11000000 0.68611291 -1.17194688
8.12000000 0.67432601 -1.17869014
8.13000000 0.66247286 -1.18531487
8.14000000 0.65055466 -1.19182042
8.15000000 0.63857260 -1.19820615
8.16000000 0.62652788 -1.20447142
8.17000000 0.61442173 -1.21061564
8.18000000 0.60225535 -1.21663820
8.19000000 0.59002996 -1.22253849
8.20000000 0.57774680 -1.22831596
8.21000000 0.56540710 -1.23397003
8.22000000 0.55301210 -1.23950015
8.23000000 0.54056304 -1.24490579
8.24000000 0.52806118 -1.25018640
8.25000000 0.51550776 -1.25534147
8.26000000 0.50290406 -1.26037052
8.27000000 0.49025133 -1.26527303
8.28000000 0.47755084 -1.27004854
8.29000000 0.46480388 -1.27469658
8.30000000 0.45201171 -1.27921669
8.31000000 0.43917562 -1.28360845
8.32000000 0.42629691 -1.28787142
8.33000000 0.41337686 -1.29200519
8.34000000 0.40041677 -1.29600935
8.35000000 0.38741793 -1.29988353
8.36000000 0.37438166 -1.30362735
8.37000000 0.36130925 -1.30724044
8.38000000 0.34820203 -1.31072246
8.39000000 0.33506130 -1.31407308
8.40000000 0.32188838 -1.31729196
8.41000000 0.30868459 -1.32037881
8.42000000 0.29545126 -1.32333332
8.43000000 0.28218970 -1.32615522
8.44000000 0.26890126 -1.32884423
8.45000000 0.25558726 -1.33140010
8.46000000 0.24224903 -1.33382259
8.47000000 0.22888792 -1.33611147
8.48000000 0.21550525 -1.33826652
8.49000000 0.20210238 -1.34028755
8.50000000 0.18868064 -1.34217435
8.51000000 0.17524137 -1.34392677
8.52000000 0.16178592 -1.34554463
8.53000000 0.14831564 -1.34702778
8.54000000 0.13483188 -1.34837610
8.55000000 0.12133599 -1.34958946
8.56000000 0.10782931 -1.35066775
8.57000000 0.09431320 -1.35161089
8.58000000 0.08078901 -1.35241878
8.59000000 0.06725810 -1.35309136
8.60000000 0.05372181 -1.35362858
8.61000000 0.04018151 -1.35403039
8.62000000 0.02663854 -1.35429678
8.63000000 0.01309427 -1.35442772
8.64000000 -0.00044997 -1.35442322
8.65000000 -0.01399280 -1.35428329
8.66000000 -0.02753288 -1.35400796
8.67000000 -0.04106885 -1.35359727
8.68000000 -0.05459936 -1.35305128
8.69000000 -0.06812306 -1.35237005
8.70000000 -0.08163860 -1.35155366
8.71000000 -0.09514462 -1.35060222
8.72000000 -0.10863978 -1.34951582
8.73000000 -0.12212273 -1.34829459
8.74000000 -0.13559211 -1.34693867
8.75000000 -0.14904660 -1.34544820
8.76000000 -0.16248483 -1.34382336
8.77000000 -0.17590547 -1.34206430
8.78000000 -0.18930719 -1.34017123
8.79000000 -0.20268863 -1.33814434
8.80000000 -0.21604847 -1.33598386
8.81000000 -0.22938537 -1.33369001
8.82000000 -0.24269800 -1.33126303
8.83000000 -0.25598503 -1.32870317
8.84000000 -0.26924514 -1.32601072
8.85000000 -0.28247700 -1.32318595
8.86000000 -0.29567929 -1.32022916
8.87000000 -0.30885069 -1.31714065
8.88000000 -0.32198990 -1.31392075
8.89000000 -0.33509560 -1.31056980
8.90000000 -0.34816648 -1.30708813
8.91000000 -0.36120124 -1.30347612
8.92000000 -0.37419858 -1.29973414
8.93000000 -0.38715721 -1.29586256
8.94000000 -0.40007583 -1.29186181
8.95000000 -0.41295315 -1.28773227
8.96000000 -0.42578789 -1.28347439
8.97000000 -0.43857878 -1.27908861
8.98000000 -0.45132453 -1.27457536
8.99000000 -0.46402389 -1.26993512
9.00000000 -0.47667557 -1.26516837
9.01000000 -0.48927832 -1.26027558
9.02000000 -0.50183090 -1.25525727
9.03000000 -0.51433204 -1.25011395
9.04000000 -0.52678050 -1.24484615
9.05000000 -0.53917504 -1.23945440
9.06000000 -0.55151444 -1.23393925
9.07000000 -0.56379745 -1.22830128
9.08000000 -0.57602286 -1.22254105
9.09000000 -0.58818945 -1.21665916
9.10000000 -0.60029601 -1.21065620
9.11000000 -0.61234134 -1.20453278
9.12000000 -0.62432424 -1.19828954
9.13000000 -0.63624351 -1.19192711
9.14000000 -0.64809797 -1.18544613
9.15000000 -0.65988644 -1.17884726
9.16000000 -0.67160775 -1.17213118
9.17000000 -0.68326074 -1.16529858
9.18000000 -0.69484424 -1.15835014
9.19000000 -0.70635710 -1.15128656
9.20000000 -0.71779819 -1.14410858
9.21000000 -0.72916636 -1.13681692
9.22000000 -0.74046048 -1.12941231
9.23000000 -0.75167944 -1.12189552
9.24000000 -0.76282211 -1.11426730
9.25000000 -0.77388740 -1.10652842
9.26000000 -0.78487419 -1.09867968
9.27000000 -0.79578141 -1.09072187
9.28000000 -0.80660797 -1.08265579
9.29000000 -0.81735279 -1.07448226
9.30000000 -0.82801481 -1.06620211
9.31000000 -0.83859297 -1.05781618
9.32000000 -0.84908623 -1.04932532
9.33000000 -0.85949353 -1.04073039
9.34000000 -0.86981385 -1.03203225
9.35000000 -0.88004617 -1.02323178
9.36000000 -0.89018947 -1.01432989
9.37000000 -0.90024275 -1.00532746
9.38000000 -0.91020500 -0.99622541
9.39000000 -0.92007525 -0.98702466
9.40000000 -0.92985251 -0.97772614
9.41000000 -0.93953582 -0.96833078
9.42000000 -0.94912421 -0.95883953
9.43000000 -0.95861674 -0.94925337
9.44000000 -0.96801248 -0.93957324
9.45000000 -0.97731048 -0.92980014
9.46000000 -0.98650983 -0.91993504
9.47000000 -0.99560962 -0.90997894
9.48000000 -1.00460895 -0.89993285
9.49000000 -1.01350692 -0.88979778
9.50000000 -1.02230267 -0.87957476
9.51000000 -1.03099532 -0.86926480
9.52000000 -1.03958401 -0.85886896
9.53000000 -1.04806789 -0.84838829
9.54000000 -1.05644613 -0.83782382
9.55000000 -1.06471790 -0.82717665
9.56000000 -1.07288238 -0.81644782
9.57000000 -1.08093876 -0.80563843
9.58000000 -1.08888626 -0.79474957
9.59000000 -1.09672408 -0.78378233
9.60000000 -1.10445146 -0.77273782
9.61000000 -1.11206763 -0.76161714
9.62000000 -1.11957184 -0.75042142
9.63000000 -1.12696336 -0.73915179
9.64000000 -1.13424145 -0.72780937
9.65000000 -1.14140541 -0.71639532
9.66000000 -1.14845451 -0.70491077
9.67000000 -1.15538808 -0.69335689
9.68000000 -1.16220543 -0.68173484
9.69000000 -1.16890589 -0.67004578
9.70000000 -1.17548880 -0.65829089
9.71000000 -1.18195351 -0.64647136
9.72000000 -1.18829940 -0.63458836
9.73000000 -1.19452583 -0.62264310
9.74000000 -1.20063219 -0.61063678
9.75000000 -1.20661790 -0.59857060
9.76000000 -1.21248236 -0.58644578
9.77000000 -1.21822499 -0.57426353
9.78000000 -1.22384524 -0.56202508
9.79000000 -1.22934256 -0.54973165
9.80000000 -1.23471641 -0.53738449
9.81000000 -1.23996625 -0.52498483
9.82000000 -1.24509159 -0.51253391
9.83000000 -1.25009192 -0.50003299
9.84000000 -1.25496676 -0.48748332
9.85000000 -1.25971562 -0.47488617
9.86000000 -1.26433805 -0.46224279
9.87000000 -1.26883359 -0.44955445
9.88000000 -1.27320182 -0.43682243
9.89000000 -1.27744230 -0.42404801
9.90000000 -1.28155462 -0.41123246
9.91000000 -1.28553839 -0.39837708
9.92000000 -1.28939322 -0.38548315
9.93000000 -1.29311874 -0.37255196
9.94000000 -1.29671459 -0.35958481
9.95000000 -1.30018042 -0.34658301
9.96000000 -1.30351590 -0.33354785
9.97000000 -1.30672070 -0.32048064
9.98000000 -1.30979453 -0.30738270
9.99000000 -1.31273709 -0.29425533
10.00000000 -1.31554808 -0.28109985
