0.00000000 1.00000000 1.00000000
0.01000000 1.00994983 0.98995017
0.02000000 1.01979867 0.97980134
0.03000000 1.02954553 0.96955453
0.04000000 1.03918944 0.95921077
0.05000000 1.04872943 0.94877109
0.06000000 1.05816455 0.93823653
0.07000000 1.06749385 0.92760815
0.08000000 1.07671640 0.91688701
0.09000000 1.08583128 0.90607418
0.10000000 1.09483758 0.89517075
0.11000000 1.10373440 0.88417780
0.12000000 1.11252084 0.87309643
0.13000000 1.12119604 0.86192775
0.14000000 1.12975911 0.85067288
0.15000000 1.13820921 0.83933295
0.16000000 1.14654549 0.82790908
0.17000000 1.15476712 0.81640242
0.18000000 1.16287327 0.80481412
0.19000000 1.17086313 0.79314534
0.20000000 1.17873591 0.78139725
0.21000000 1.18649081 0.76957101
0.22000000 1.19412707 0.75766783
0.23000000 1.20164392 0.74568887
0.24000000 1.20904060 0.73363535
0.25000000 1.21631638 0.72150846
0.26000000 1.22347053 0.70930943
0.27000000 1.23050233 0.69703946
0.28000000 1.23741109 0.68469979
0.29000000 1.24419610 0.67229165
0.30000000 1.25085670 0.65981628
0.31000000 1.25739221 0.64727493
0.32000000 1.26380198 0.63466886
0.33000000 1.27008537 0.62199932
0.34000000 1.27624176 0.60926757
0.35000000 1.28227052 0.59647491
0.36000000 1.28817106 0.58362259
0.37000000 1.29394278 0.57071191
0.38000000 1.29958510 0.55774417
0.39000000 1.30509747 0.54472064
0.40000000 1.31047934 0.53164265
0.41000000 1.31573015 0.51851149
0.42000000 1.32084939 0.50532849
0.43000000 1.32583655 0.49209495
0.44000000 1.33069113 0.47881220
0.45000000 1.33541264 0.46548157
0.46000000 1.34000060 0.45210439
0.47000000 1.34445457 0.43868200
0.48000000 1.34877410 0.42521575
0.49000000 1.35295875 0.41170697
0.50000000 1.35700810 0.39815702
0.51000000 1.36092175 0.38456726
0.52000000 1.36469932 0.37093904
0.53000000 1.36834041 0.35727373
0.54000000 1.37184467 0.34357269
0.55000000 1.37521175 0.32983729
0.56000000 1.37844131 0.31606891
0.57000000 1.38153302 0.30226893
0.58000000 1.38448659 0.28843871
0.59000000 1.38730170 0.27457966
0.60000000 1.38997809 0.26069314
0.61000000 1.39251548 0.24678056
0.62000000 1.39491362 0.23284330
0.63000000 1.39717227 0.21888275
0.64000000 1.39929120 0.20490032
0.65000000 1.40127020 0.19089739
0.66000000 1.40310908 0.17687538
0.67000000 1.40480765 0.16283568
0.68000000 1.40636574 0.14877969
0.69000000 1.40778320 0.13470883
0.70000000 1.40905987 0.12062450
0.71000000 1.41019565 0.10652811
0.72000000 1.41119040 0.09242106
0.73000000 1.41204404 0.07830477
0.74000000 1.41275647 0.06418065
0.75000000 1.41332763 0.05005011
0.76000000 1.41375746 0.03591457
0.77000000 1.41404591 0.02177543
0.78000000 1.41419296 0.00763412
0.79000000 1.41419859 -0.00650796
0.80000000 1.41406280 -0.02064938
0.81000000 1.41378561 -0.03478874
0.82000000 1.41336704 -0.04892462
0.83000000 1.41280713 -0.06305561
0.84000000 1.41210595 -0.07718029
0.85000000 1.41126355 -0.09129726
0.86000000 1.41028003 -0.10540509
0.87000000 1.40915548 -0.11950239
0.88000000 1.40789002 -0.13358773
0.89000000 1.40648377 -0.14765972
0.90000000 1.40493688 -0.16171694
0.91000000 1.40324949 -0.17575799
0.92000000 1.40142178 -0.18978146
0.93000000 1.39945392 -0.20378596
0.94000000 1.39734613 -0.21777008
0.95000000 1.39509859 -0.23173242
0.96000000 1.39271155 -0.24567158
0.97000000 1.39018524 -0.25958618
0.98000000 1.38751992 -0.27347482
0.99000000 1.38471584 -0.28733612
1.00000000 1.38177329 -0.30116868
1.01000000 1.37869257 -0.31497112
1.02000000 1.37547397 -0.32874207
1.03000000 1.37211783 -0.34248014
1.04000000 1.36862448 -0.35618397
1.05000000 1.36499427 -0.36985218
1.06000000 1.36122756 -0.38348340
1.07000000 1.35732473 -0.39707628
1.08000000 1.35328617 -0.41062944
1.09000000 1.34911228 -0.42414155
1.10000000 1.34480348 -0.43761124
1.11000000 1.34036020 -0.45103717
1.12000000 1.33578289 -0.46441800
1.13000000 1.33107200 -0.47775238
1.14000000 1.32622800 -0.49103899
1.15000000 1.32125138 -0.50427650
1.16000000 1.31614264 -0.51746358
1.17000000 1.31090228 -0.53059891
1.18000000 1.30553084 -0.54368119
1.19000000 1.30002884 -0.55670909
1.20000000 1.29439684 -0.56968133
1.21000000 1.28863540 -0.58259660
1.22000000 1.28274510 -0.59545361
1.23000000 1.27672653 -0.60825107
1.24000000 1.27058028 -0.62098771
1.25000000 1.26430698 -0.63366226
1.26000000 1.25790725 -0.64627343
1.27000000 1.25138173 -0.65881998
1.28000000 1.24473107 -0.67130065
1.29000000 1.23795594 -0.68371419
1.30000000 1.23105701 -0.69605936
1.31000000 1.22403498 -0.70833492
1.32000000 1.21689055 -0.72053965
1.33000000 1.20962443 -0.73267232
1.34000000 1.20223735 -0.74473173
1.35000000 1.19473005 -0.75671667
1.36000000 1.18710327 -0.76862594
1.37000000 1.17935778 -0.78045834
1.38000000 1.17149436 -0.79221270
1.39000000 1.16351379 -0.80388784
1.40000000 1.15541687 -0.81548259
1.41000000 1.14720441 -0.82699579
1.42000000 1.13887723 -0.83842629
1.43000000 1.13043617 -0.84977295
1.44000000 1.12188206 -0.86103464
1.45000000 1.11321576 -0.87221022
1.46000000 1.10443814 -0.88329858
1.47000000 1.09555008 -0.89429862
1.48000000 1.08655247 -0.90520922
1.49000000 1.07744620 -0.91602930
1.50000000 1.06823219 -0.92675778
1.51000000 1.05891135 -0.93739359
1.52000000 1.04948463 -0.94793566
1.53000000 1.03995296 -0.95838293
1.54000000 1.03031729 -0.96873437
1.55000000 1.02057859 -0.97898894
1.56000000 1.01073784 -0.98914560
1.57000000 1.00079601 -0.99920336
1.58000000 0.99075410 -1.00916119
1.59000000 0.98061312 -1.01901811
1.60000000 0.97037408 -1.02877313
1.61000000 0.96003800 -1.03842527
1.62000000 0.94960592 -1.04797357
1.63000000 0.93907888 -1.05741707
1.64000000 0.92845793 -1.06675483
1.65000000 0.91774414 -1.07598592
1.66000000 0.90693857 -1.08510941
1.67000000 0.89604231 -1.09412439
1.68000000 0.88505645 -1.10302995
1.69000000 0.87398208 -1.11182522
1.70000000 0.86282032 -1.12050930
1.71000000 0.85157227 -1.12908134
1.72000000 0.84023907 -1.13754047
1.73000000 0.82882184 -1.14588584
1.74000000 0.81732173 -1.15411663
1.75000000 0.80573989 -1.16223200
1.76000000 0.79407748 -1.17023116
1.77000000 0.78233566 -1.17811329
1.78000000 0.77051561 -1.18587761
1.79000000 0.75861850 -1.19352334
1.80000000 0.74664554 -1.20104973
1.81000000 0.73459791 -1.20845600
1.82000000 0.72247682 -1.21574144
1.83000000 0.71028348 -1.22290530
1.84000000 0.69801912 -1.22994687
1.85000000 0.68568496 -1.23686545
1.86000000 0.67328222 -1.24366034
1.87000000 0.66081216 -1.25033087
1.88000000 0.64827602 -1.25687637
1.89000000 0.63567506 -1.26329617
1.90000000 0.62301052 -1.26958965
1.91000000 0.61028369 -1.27575618
1.92000000 0.59749582 -1.28179512
1.93000000 0.58464821 -1.28770589
1.94000000 0.57174213 -1.29348789
1.95000000 0.55877888 -1.29914055
1.96000000 0.54575976 -1.30466329
1.97000000 0.53268605 -1.31005556
1.98000000 0.51955908 -1.31531683
1.99000000 0.50638015 -1.32044657
2.00000000 0.49315059 -1.32544426
2.01000000 0.47987171 -1.33030942
2.02000000 0.46654485 -1.33504154
2.03000000 0.45317133 -1.33964016
2.04000000 0.43975249 -1.34410481
2.05000000 0.42628968 -1.34843506
2.06000000 0.41278424 -1.35263046
2.07000000 0.39923752 -1.35669061
2.08000000 0.38565088 -1.36061508
2.09000000 0.37202567 -1.36440350
2.10000000 0.35836326 -1.36805547
2.11000000 0.34466502 -1.37157064
2.12000000 0.33093231 -1.37494866
2.13000000 0.31716650 -1.37818918
2.14000000 0.30336898 -1.38129188
2.15000000 0.28954113 -1.38425646
2.16000000 0.27568431 -1.38708261
2.17000000 0.26179994 -1.38977005
2.18000000 0.24788938 -1.39231852
2.19000000 0.23395403 -1.39472776
2.20000000 0.21999529 -1.39699752
2.21000000 0.20601454 -1.39912759
2.22000000 0.19201320 -1.40111774
2.23000000 0.17799266 -1.40296779
2.24000000 0.16395431 -1.40467754
2.25000000 0.14989957 -1.40624682
2.26000000 0.13582985 -1.40767548
2.27000000 0.12174653 -1.40896337
2.28000000 0.10765105 -1.41011037
2.29000000 0.09354480 -1.41111636
2.30000000 0.07942919 -1.41198123
2.31000000 0.06530564 -1.41270491
2.32000000 0.05117556 -1.41328732
2.33000000 0.03704037 -1.41372841
2.34000000 0.02290147 -1.41402812
2.35000000 0.00876028 -1.41418643
2.36000000 -0.00538179 -1.41420332
2.37000000 -0.01952332 -1.41407880
2.38000000 -0.03366289 -1.41381286
2.39000000 -0.04779910 -1.41340555
2.40000000 -0.06193053 -1.41285690
2.41000000 -0.07605577 -1.41216696
2.42000000 -0.09017340 -1.41133581
2.43000000 -0.10428202 -1.41036352
2.44000000 -0.11838020 -1.40925020
2.45000000 -0.13246655 -1.40799596
2.46000000 -0.14653965 -1.40660091
2.47000000 -0.16059810 -1.40506521
2.48000000 -0.17464049 -1.40338901
2.49000000 -0.18866541 -1.40157246
2.50000000 -0.20267147 -1.39961576
2.51000000 -0.21665726 -1.39751910
2.52000000 -0.23062139 -1.39528269
2.53000000 -0.24456245 -1.39290675
2.54000000 -0.25847906 -1.39039152
2.55000000 -0.27236982 -1.38773725
2.56000000 -0.28623334 -1.38494421
2.57000000 -0.30006824 -1.38201268
2.58000000 -0.31387313 -1.37894295
2.59000000 -0.32764664 -1.37573532
2.60000000 -0.34138738 -1.37239013
2.61000000 -0.35509398 -1.36890769
2.62000000 -0.36876508 -1.36528836
2.63000000 -0.38239930 -1.36153251
2.64000000 -0.39599528 -1.35764051
2.65000000 -0.40955165 -1.35361274
2.66000000 -0.42306708 -1.34944961
2.67000000 -0.43654020 -1.34515154
2.68000000 -0.44996966 -1.34071895
2.69000000 -0.46335413 -1.33615229
2.70000000 -0.47669226 -1.33145202
2.71000000 -0.48998273 -1.32661861
2.72000000 -0.50322419 -1.32165253
2.73000000 -0.51641534 -1.31655429
2.74000000 -0.52955484 -1.31132440
2.75000000 -0.54264139 -1.30596337
2.76000000 -0.55567367 -1.30047175
2.77000000 -0.56865039 -1.29485008
2.78000000 -0.58157024 -1.28909893
2.79000000 -0.59443194 -1.28321887
2.80000000 -0.60723419 -1.27721049
2.81000000 -0.61997572 -1.27107439
2.82000000 -0.63265525 -1.26481118
2.83000000 -0.64527152 -1.25842150
2.84000000 -0.65782326 -1.25190597
2.85000000 -0.67030922 -1.24526525
2.86000000 -0.68272815 -1.23850001
2.87000000 -0.69507881 -1.23161091
2.88000000 -0.70735996 -1.22459866
2.89000000 -0.71957038 -1.21746395
2.90000000 -0.73170884 -1.21020749
2.91000000 -0.74377412 -1.20283002
2.92000000 -0.75576504 -1.19533226
2.93000000 -0.76768037 -1.18771497
2.94000000 -0.77951894 -1.17997891
2.95000000 -0.79127956 -1.17212485
2.96000000 -0.80296104 -1.16415358
2.97000000 -0.81456224 -1.15606590
2.98000000 -0.82608198 -1.14786261
2.99000000 -0.83751911 -1.13954453
3.00000000 -0.84887249 -1.13111250
3.01000000 -0.86014098 -1.12256737
3.02000000 -0.87132346 -1.11390997
3.03000000 -0.88241881 -1.10514119
3.04000000 -0.89342592 -1.09626189
3.05000000 -0.90434368 -1.08727297
3.06000000 -0.91517101 -1.07817532
3.07000000 -0.92590683 -1.06896985
3.08000000 -0.93655005 -1.05965749
3.09000000 -0.94709963 -1.05023916
3.10000000 -0.95755449 -1.04071581
3.11000000 -0.96791359 -1.03108839
3.12000000 -0.97817591 -1.02135786
3.13000000 -0.98834041 -1.01152520
3.14000000 -0.99840608 -1.00159138
3.15000000 -1.00837191 -0.99155741
3.16000000 -1.01823690 -0.98142428
3.17000000 -1.02800006 -0.97119301
3.18000000 -1.03766043 -0.96086462
3.19000000 -1.04721704 -0.95044015
3.20000000 -1.05666892 -0.93992063
3.21000000 -1.06601514 -0.92930712
3.22000000 -1.07525475 -0.91860069
3.23000000 -1.08438684 -0.90780239
3.24000000 -1.09341050 -0.89691331
3.25000000 -1.10232481 -0.88593454
3.26000000 -1.11112889 -0.87486718
3.27000000 -1.11982186 -0.86371233
3.28000000 -1.12840285 -0.85247112
3.29000000 -1.13687100 -0.84114465
3.30000000 -1.14522546 -0.82973408
3.31000000 -1.15346541 -0.81824053
3.32000000 -1.16159000 -0.80666515
3.33000000 -1.16959844 -0.79500911
3.34000000 -1.17748992 -0.78327357
3.35000000 -1.18526365 -0.77145971
3.36000000 -1.19291886 -0.75956870
3.37000000 -1.20045477 -0.74760173
3.38000000 -1.20787064 -0.73556000
3.39000000 -1.21516573 -0.72344472
3.40000000 -1.22233929 -0.71125709
3.41000000 -1.22939063 -0.69899834
3.42000000 -1.23631903 -0.68666969
3.43000000 -1.24312380 -0.67427237
3.44000000 -1.24980425 -0.66180763
3.45000000 -1.25635973 -0.64927670
3.46000000 -1.26278957 -0.63668085
3.47000000 -1.26909313 -0.62402133
3.48000000 -1.27526979 -0.61129941
3.49000000 -1.28131892 -0.59851636
3.50000000 -1.28723991 -0.58567346
3.51000000 -1.29303219 -0.57277199
3.52000000 -1.29869516 -0.55981325
3.53000000 -1.30422827 -0.54679852
3.54000000 -1.30963095 -0.53372912
3.55000000 -1.31490267 -0.52060634
3.56000000 -1.32004291 -0.50743150
3.57000000 -1.32505113 -0.49420592
3.58000000 -1.32992686 -0.48093092
3.59000000 -1.33466959 -0.46760783
3.60000000 -1.33927886 -0.45423797
3.61000000 -1.34375420 -0.44082270
3.62000000 -1.34809517 -0.42736334
3.63000000 -1.35230132 -0.41386124
3.64000000 -1.35637225 -0.40031776
3.65000000 -1.36030755 -0.38673425
3.66000000 -1.36410681 -0.37311206
3.67000000 -1.36776966 -0.35945257
3.68000000 -1.37129574 -0.34575713
3.69000000 -1.37468469 -0.33202711
3.70000000 -1.37793617 -0.31826389
3.71000000 -1.38104986 -0.30446885
3.72000000 -1.38402545 -0.29064335
3.73000000 -1.38686263 -0.27678880
3.74000000 -1.38956113 -0.26290656
3.75000000 -1.39212068 -0.24899804
3.76000000 -1.39454101 -0.23506461
3.77000000 -1.39682189 -0.22110768
3.78000000 -1.39896309 -0.20712864
3.79000000 -1.40096439 -0.19312889
3.80000000 -1.40282560 -0.17910982
3.81000000 -1.40454653 -0.16507284
3.82000000 -1.40612700 -0.15101936
3.83000000 -1.40756687 -0.13695077
3.84000000 -1.40886597 -0.12286849
3.85000000 -1.41002420 -0.10877392
3.86000000 -1.41104142 -0.09466848
3.87000000 -1.41191753 -0.08055356
3.88000000 -1.41265246 -0.06643060
3.89000000 -1.41324612 -0.05230099
3.90000000 -1.41369846 -0.03816615
3.91000000 -1.41400943 -0.02402749
3.92000000 -1.41417901 -0.00988643
3.93000000 -1.41420716 0.00425562
3.94000000 -1.41409389 0.01839724
3.95000000 -1.41383922 0.03253703
3.96000000 -1.41344316 0.04667356
3.97000000 -1.41290577 0.06080542
3.98000000 -1.41222708 0.07493120
3.99000000 -1.41140717 0.08904949
4.00000000 -1.41044612 0.10315887
4.01000000 -1.40934402 0.11725794
4.02000000 -1.40810100 0.13134528
4.03000000 -1.40671716 0.14541949
4.04000000 -1.40519266 0.15947916
4.05000000 -1.40352763 0.17352288
4.06000000 -1.40172226 0.18754924
4.07000000 -1.39977671 0.20155686
4.08000000 -1.39769119 0.21554431
4.09000000 -1.39546589 0.22951021
4.10000000 -1.39310106 0.24345316
4.11000000 -1.39059691 0.25737177
4.12000000 -1.38795371 0.27126464
4.13000000 -1.38517171 0.28513038
4.14000000 -1.38225120 0.29896761
4.15000000 -1.37919246 0.31277494
4.16000000 -1.37599580 0.32655100
4.17000000 -1.37266155 0.34029440
4.18000000 -1.36919003 0.35400377
4.19000000 -1.36558159 0.36767775
4.20000000 -1.36183659 0.38131495
4.21000000 -1.35795542 0.39491402
4.22000000 -1.35393845 0.40847361
4.23000000 -1.34978608 0.42199234
4.24000000 -1.34549874 0.43546888
4.25000000 -1.34107685 0.44890187
4.26000000 -1.33652085 0.46228997
4.27000000 -1.33183120 0.47563184
4.28000000 -1.32700837 0.48892615
4.29000000 -1.32205284 0.50217156
4.30000000 -1.31696511 0.51536676
4.31000000 -1.31174568 0.52851043
4.32000000 -1.30639508 0.54160124
4.33000000 -1.30091384 0.55463789
4.34000000 -1.29530250 0.56761908
4.35000000 -1.28956164 0.58054351
4.36000000 -1.28369183 0.59340989
4.37000000 -1.27769364 0.60621692
4.38000000 -1.27156769 0.61896333
4.39000000 -1.26531458 0.63164785
4.40000000 -1.25893494 0.64426920
4.41000000 -1.25242941 0.65682613
4.42000000 -1.24579864 0.66931737
4.43000000 -1.23904329 0.68174169
4.44000000 -1.23216403 0.69409783
4.45000000 -1.22516156 0.70638456
4.46000000 -1.21803658 0.71860065
4.47000000 -1.21078979 0.73074488
4.48000000 -1.20342192 0.74281604
4.49000000 -1.19593372 0.75481292
4.50000000 -1.18832592 0.76673432
4.51000000 -1.18059929 0.77857904
4.52000000 -1.17275460 0.79034591
4.53000000 -1.16479263 0.80203374
4.54000000 -1.15671419 0.81364137
4.55000000 -1.14852008 0.82516764
4.56000000 -1.14021111 0.83661139
4.57000000 -1.13178813 0.84797148
4.58000000 -1.12325196 0.85924678
4.59000000 -1.11460348 0.87043615
4.60000000 -1.10584353 0.88153848
4.61000000 -1.09697300 0.89255265
4.62000000 -1.08799278 0.90347757
4.63000000 -1.07890375 0.91431214
4.64000000 -1.06970684 0.92505529
4.65000000 -1.06040295 0.93570592
4.66000000 -1.05099303 0.94626299
4.67000000 -1.04147801 0.95672543
4.68000000 -1.03185884 0.96709220
4.69000000 -1.02213649 0.97736227
4.70000000 -1.01231192 0.98753459
4.71000000 -1.00238612 0.99760817
4.72000000 -0.99236009 1.00758198
4.73000000 -0.98223482 1.01745504
4.74000000 -0.97201133 1.02722635
4.75000000 -0.96169064 1.03689494
4.76000000 -0.95127378 1.04645984
4.77000000 -0.94076179 1.05592010
4.78000000 -0.93015573 1.06527477
4.79000000 -0.91945665 1.07452290
4.80000000 -0.90866563 1.08366359
4.81000000 -0.89778374 1.09269591
4.82000000 -0.88681207 1.10161897
4.83000000 -0.87575173 1.11043186
4.84000000 -0.86460380 1.11913371
4.85000000 -0.85336942 1.12772365
4.86000000 -0.84204971 1.13620081
4.87000000 -0.83064579 1.14456436
4.88000000 -0.81915880 1.15281345
4.89000000 -0.80758990 1.16094726
4.90000000 -0.79594024 1.16896498
4.91000000 -0.78421099 1.17686580
4.92000000 -0.77240332 1.18464894
4.93000000 -0.76051841 1.19231361
4.94000000 -0.74855745 1.19985905
4.95000000 -0.73652163 1.20728451
4.96000000 -0.72441216 1.21458924
4.97000000 -0.71223025 1.22177251
4.98000000 -0.69997711 1.22883361
4.99000000 -0.68765398 1.23577182
5.00000000 -0.67526209 1.24258646
5.01000000 -0.66280267 1.24927684
5.02000000 -0.65027697 1.25584229
5.03000000 -0.63768624 1.26228216
5.04000000 -0.62503175 1.26859580
5.05000000 -0.61231475 1.27478259
5.06000000 -0.59953652 1.28084190
5.07000000 -0.58669834 1.28677312
5.08000000 -0.57380149 1.29257567
5.09000000 -0.56084726 1.29824896
5.10000000 -0.54783694 1.30379242
5.11000000 -0.53477184 1.30920551
5.12000000 -0.52165327 1.31448768
5.13000000 -0.50848253 1.31963841
5.14000000 -0.49526094 1.32465716
5.15000000 -0.48198982 1.32954346
5.16000000 -0.46867051 1.33429680
5.17000000 -0.45530433 1.33891671
5.18000000 -0.44189262 1.34340274
5.19000000 -0.42843673 1.34775442
5.20000000 -0.41493799 1.35197133
5.21000000 -0.40139775 1.35605304
5.22000000 -0.38781738 1.35999915
5.23000000 -0.37419822 1.36380926
5.24000000 -0.36054165 1.36748299
5.25000000 -0.34684902 1.37101997
5.26000000 -0.33312170 1.37441985
5.27000000 -0.31936108 1.37768229
5.28000000 -0.30556852 1.38080697
5.29000000 -0.29174540 1.38379356
5.30000000 -0.27789311 1.38664178
5.31000000 -0.26401303 1.38935133
5.32000000 -0.25010654 1.39192195
5.33000000 -0.23617505 1.39435338
5.34000000 -0.22221994 1.39664537
5.35000000 -0.20824261 1.39879770
5.36000000 -0.19424445 1.40081016
5.37000000 -0.18022687 1.40268253
5.38000000 -0.16619127 1.40441463
5.39000000 -0.15213905 1.40600630
5.40000000 -0.13807161 1.40745736
5.41000000 -0.12399037 1.40876768
5.42000000 -0.10989673 1.40993713
5.43000000 -0.09579210 1.41096558
5.44000000 -0.08167789 1.41185294
5.45000000 -0.06755551 1.41259911
5.46000000 -0.05342638 1.41320403
5.47000000 -0.03929190 1.41366762
5.48000000 -0.02515349 1.41398985
5.49000000 -0.01101257 1.41417068
5.50000000 0.00312945 1.41421010
5.51000000 0.01727116 1.41410810
5.52000000 0.03141114 1.41386468
5.53000000 0.04554798 1.41347988
5.54000000 0.05968027 1.41295374
5.55000000 0.07380658 1.41228630
5.56000000 0.08792552 1.41147763
5.57000000 0.10203567 1.41052782
5.58000000 0.11613561 1.40943695
5.59000000 0.13022393 1.40820514
5.60000000 0.14429924 1.40683252
5.61000000 0.15836012 1.40531921
5.62000000 0.17240516 1.40366537
5.63000000 0.18643296 1.40187116
5.64000000 0.20044211 1.39993677
5.65000000 0.21443122 1.39786239
5.66000000 0.22839889 1.39564822
5.67000000 0.24234372 1.39329448
5.68000000 0.25626432 1.39080142
5.69000000 0.27015929 1.38816928
5.70000000 0.28402724 1.38539833
5.71000000 0.29786679 1.38248883
5.72000000 0.31167656 1.37944109
5.73000000 0.32545515 1.37625541
5.74000000 0.33920121 1.37293210
5.75000000 0.35291334 1.36947149
5.76000000 0.36659018 1.36587395
5.77000000 0.38023036 1.36213981
5.78000000 0.39383252 1.35826947
5.79000000 0.40739530 1.35426329
5.80000000 0.42091734 1.35012170
5.81000000 0.43439728 1.34584509
5.82000000 0.44783379 1.34143390
5.83000000 0.46122551 1.33688856
5.84000000 0.47457112 1.33220954
5.85000000 0.48786926 1.32739730
5.86000000 0.50111862 1.32245232
5.87000000 0.51431787 1.31737509
5.88000000 0.52746568 1.31216613
5.89000000 0.54056075 1.30682595
5.90000000 0.55360177 1.30135510
5.91000000 0.56658742 1.29575410
5.92000000 0.57951642 1.29002354
5.93000000 0.59238746 1.28416397
5.94000000 0.60519927 1.27817598
5.95000000 0.61795055 1.27206018
5.96000000 0.63064005 1.26581718
5.97000000 0.64326648 1.25944759
5.98000000 0.65582858 1.25295206
5.99000000 0.66832510 1.24633124
6.00000000 0.68075479 1.23958579
6.01000000 0.69311640 1.23271637
6.02000000 0.70540870 1.22572369
6.03000000 0.71763047 1.21860843
6.04000000 0.72978047 1.21137132
6.05000000 0.74185749 1.20401307
6.06000000 0.75386033 1.19653442
6.07000000 0.76578778 1.18893611
6.08000000 0.77763865 1.18121892
6.09000000 0.78941176 1.17338360
6.10000000 0.80110593 1.16543094
6.11000000 0.81271999 1.15736175
6.12000000 0.82425278 1.14917681
6.13000000 0.83570315 1.14087697
6.14000000 0.84706994 1.13246303
6.15000000 0.85835203 1.12393585
6.16000000 0.86954828 1.11529628
6.17000000 0.88065758 1.10654517
6.18000000 0.89167882 1.09768342
6.19000000 0.90261089 1.08871189
6.20000000 0.91345269 1.07963150
6.21000000 0.92420316 1.07044314
6.22000000 0.93486120 1.06114775
6.23000000 0.94542576 1.05174623
6.24000000 0.95589577 1.04223955
6.25000000 0.96627020 1.03262864
6.26000000 0.97654800 1.02291446
6.27000000 0.98672815 1.01309800
6.28000000 0.99680962 1.00318023
6.29000000 1.00679142 0.99316214
6.30000000 1.01667254 0.98304474
6.31000000 1.02645199 0.97282903
6.32000000 1.03612879 0.96251604
6.33000000 1.04570199 0.95210680
6.34000000 1.05517061 0.94160235
6.35000000 1.06453372 0.93100374
6.36000000 1.07379038 0.92031203
6.37000000 1.08293965 0.90952829
6.38000000 1.09198064 0.89865360
6.39000000 1.10091243 0.88768904
6.40000000 1.10973412 0.87663571
6.41000000 1.11844485 0.86549473
6.42000000 1.12704373 0.85426719
6.43000000 1.13552991 0.84295423
6.44000000 1.14390253 0.83155697
6.45000000 1.15216077 0.82007656
6.46000000 1.16030379 0.80851414
6.47000000 1.16833078 0.79687087
6.48000000 1.17624094 0.78514791
6.49000000 1.18403348 0.77334644
6.50000000 1.19170761 0.76146764
6.51000000 1.19926258 0.74951269
6.52000000 1.20669762 0.73748279
6.53000000 1.21401199 0.72537914
6.54000000 1.22120496 0.71320295
6.55000000 1.22827581 0.70095545
6.56000000 1.23522383 0.68863784
6.57000000 1.24204834 0.67625138
6.58000000 1.24874864 0.66379729
6.59000000 1.25532406 0.65127682
6.60000000 1.26177396 0.63869123
6.61000000 1.26809767 0.62604177
6.62000000 1.27429458 0.61332970
6.63000000 1.28036406 0.60055630
6.64000000 1.28630551 0.58772284
6.65000000 1.29211832 0.57483062
6.66000000 1.29780193 0.56188091
6.67000000 1.30335575 0.54887501
6.68000000 1.30877925 0.53581423
6.69000000 1.31407186 0.52269986
6.70000000 1.31923307 0.50953323
6.71000000 1.32426235 0.49631564
6.72000000 1.32915922 0.48304842
6.73000000 1.33392316 0.46973290
6.74000000 1.33855372 0.45637040
6.75000000 1.34305042 0.44296227
6.76000000 1.34741282 0.42950984
6.77000000 1.35164047 0.41601446
6.78000000 1.35573297 0.40247748
6.79000000 1.35968989 0.38890026
6.80000000 1.36351084 0.37528414
6.81000000 1.36719545 0.36163049
6.82000000 1.37074333 0.34794069
6.83000000 1.37415414 0.33421609
6.84000000 1.37742754 0.32045806
6.85000000 1.38056320 0.30666799
6.86000000 1.38356080 0.29284726
6.87000000 1.38642004 0.27899724
6.88000000 1.38914065 0.26511932
6.89000000 1.39172234 0.25121489
6.90000000 1.39416486 0.23728534
6.91000000 1.39646797 0.22333206
6.92000000 1.39863143 0.20935644
6.93000000 1.40065503 0.19535989
6.94000000 1.40253856 0.18134381
6.95000000 1.40428185 0.16730959
6.96000000 1.40588470 0.15325864
6.97000000 1.40734697 0.13919236
6.98000000 1.40866850 0.12511217
6.99000000 1.40984917 0.11101946
7.00000000 1.41088885 0.09691566
7.01000000 1.41178745 0.08280216
7.02000000 1.41254487 0.06868038
7.03000000 1.41316103 0.05455173
7.04000000 1.41363588 0.04041763
7.05000000 1.41396937 0.02627948
7.06000000 1.41416147 0.01213871
7.07000000 1.41421214 -0.00200327
7.08000000 1.41412140 -0.01614506
7.09000000 1.41388925 -0.03028523
7.10000000 1.41351571 -0.04442237
7.11000000 1.41300082 -0.05855507
7.12000000 1.41234462 -0.07268192
7.13000000 1.41154720 -0.08680149
7.14000000 1.41060862 -0.10091239
7.15000000 1.40952899 -0.11501320
7.16000000 1.40830840 -0.12910250
7.17000000 1.40694698 -0.14317890
7.18000000 1.40544487 -0.15724097
7.19000000 1.40380221 -0.17128732
7.20000000 1.40201918 -0.18531655
7.21000000 1.40009594 -0.19932724
7.22000000 1.39803270 -0.21331800
7.23000000 1.39582965 -0.22728743
7.24000000 1.39348703 -0.24123413
7.25000000 1.39100505 -0.25515670
7.26000000 1.38838398 -0.26905377
7.27000000 1.38562407 -0.28292392
7.28000000 1.38272559 -0.29676579
7.29000000 1.37968885 -0.31057797
7.30000000 1.37651414 -0.32435910
7.31000000 1.37320178 -0.33810780
7.32000000 1.36975209 -0.35182268
7.33000000 1.36616544 -0.36550238
7.34000000 1.36244217 -0.37914553
7.35000000 1.35858266 -0.39275077
7.36000000 1.35458728 -0.40631673
7.37000000 1.35045646 -0.41984207
7.38000000 1.34619058 -0.43332541
7.39000000 1.34179009 -0.44676543
7.40000000 1.33725542 -0.46016077
7.41000000 1.33258703 -0.47351009
7.42000000 1.32778538 -0.48681206
7.43000000 1.32285095 -0.50006536
7.44000000 1.31778424 -0.51326864
7.45000000 1.31258575 -0.52642060
7.46000000 1.30725600 -0.53951992
7.47000000 1.30179553 -0.55256529
7.48000000 1.29620488 -0.56555540
7.49000000 1.29048461 -0.57848895
7.50000000 1.28463529 -0.59136466
7.51000000 1.27865752 -0.60418123
7.52000000 1.27255187 -0.61693738
7.53000000 1.26631897 -0.62963184
7.54000000 1.25995944 -0.64226334
7.55000000 1.25347392 -0.65483061
7.56000000 1.24686305 -0.66733240
7.57000000 1.24012750 -0.67976746
7.58000000 1.23326793 -0.69213454
7.59000000 1.22628504 -0.70443240
7.60000000 1.21917952 -0.71665983
7.61000000 1.21195208 -0.72881559
7.62000000 1.20460345 -0.74089847
7.63000000 1.19713436 -0.75290726
7.64000000 1.18954555 -0.76484075
7.65000000 1.18183780 -0.77669777
7.66000000 1.17401186 -0.78847712
7.67000000 1.16606852 -0.80017762
7.68000000 1.15800857 -0.81179810
7.69000000 1.14983282 -0.82333740
7.70000000 1.14154210 -0.83479437
7.71000000 1.13313722 -0.84616786
7.72000000 1.12461902 -0.85745674
7.73000000 1.11598837 -0.86865987
7.74000000 1.10724611 -0.87977613
7.75000000 1.09839314 -0.89080442
7.76000000 1.08943032 -0.90174363
7.77000000 1.08035856 -0.91259266
7.78000000 1.07117877 -0.92335044
7.79000000 1.06189186 -0.93401588
7.80000000 1.05249877 -0.94458792
7.81000000 1.04300042 -0.95506551
7.82000000 1.03339777 -0.96544758
7.83000000 1.02369179 -0.97573312
7.84000000 1.01388344 -0.98592108
7.85000000 1.00397370 -0.99601045
7.86000000 0.99396356 -1.00600022
7.87000000 0.98385403 -1.01588939
7.88000000 0.97364611 -1.02567697
7.89000000 0.96334083 -1.03536199
7.90000000 0.95293922 -1.04494347
7.91000000 0.94244231 -1.05442045
7.92000000 0.93185116 -1.06379200
7.93000000 0.92116682 -1.07305717
7.94000000 0.91039037 -1.08221503
7.95000000 0.89952288 -1.09126467
7.96000000 0.88856544 -1.10020519
7.97000000 0.87751915 -1.10903568
7.98000000 0.86638510 -1.11775528
7.99000000 0.85516441 -1.12636310
8.00000000 0.84385821 -1.13485828
8.01000000 0.83246763 -1.14323998
8.02000000 0.82099380 -1.15150735
8.03000000 0.80943786 -1.15965958
8.04000000 0.79780099 -1.16769584
8.05000000 0.78608434 -1.17561534
8.06000000 0.77428908 -1.18341727
8.07000000 0.76241639 -1.19110086
8.08000000 0.75046746 -1.19866534
8.09000000 0.73844348 -1.20610996
8.10000000 0.72634566 -1.21343396
8.11000000 0.71417520 -1.22063663
8.12000000 0.70193333 -1.22771723
8.13000000 0.68962127 -1.23467506
8.14000000 0.67724024 -1.24150943
8.15000000 0.66479149 -1.24821964
8.16000000 0.65227627 -1.25480503
8.17000000 0.63969581 -1.26126495
8.18000000 0.62705139 -1.26759874
8.19000000 0.61434426 -1.27380577
8.20000000 0.60157570 -1.27988542
8.21000000 0.58874698 -1.28583708
8.22000000 0.57585938 -1.29166016
8.23000000 0.56291420 -1.29735408
8.24000000 0.54991273 -1.30291826
8.25000000 0.53685627 -1.30835215
8.26000000 0.52374613 -1.31365520
8.27000000 0.51058361 -1.31882690
8.28000000 0.49737003 -1.32386671
8.29000000 0.48410671 -1.32877413
8.30000000 0.47079499 -1.33354868
8.31000000 0.45743619 -1.33818987
8.32000000 0.44403164 -1.34269725
8.33000000 0.43058269 -1.34707036
8.34000000 0.41709068 -1.35130876
8.35000000 0.40355696 -1.35541203
8.36000000 0.38998289 -1.35937976
8.37000000 0.37636982 -1.36321156
8.38000000 0.36271911 -1.36690704
8.39000000 0.34903214 -1.37046582
8.40000000 0.33531025 -1.37388756
8.41000000 0.32155484 -1.37717191
8.42000000 0.30776728 -1.38031855
8.43000000 0.29394893 -1.38332716
8.44000000 0.28010119 -1.38619743
8.45000000 0.26622545 -1.38892909
8.46000000 0.25232307 -1.39152185
8.47000000 0.23839547 -1.39397547
8.48000000 0.22444403 -1.39628968
8.49000000 0.21047014 -1.39846427
8.50000000 0.19647521 -1.40049902
8.51000000 0.18246063 -1.40239371
8.52000000 0.16842780 -1.40414817
8.53000000 0.15437814 -1.40576221
8.54000000 0.14031303 -1.40723568
8.55000000 0.12623389 -1.40856842
8.56000000 0.11214213 -1.40976031
8.57000000 0.09803915 -1.41081123
8.58000000 0.08392638 -1.41172106
8.59000000 0.06980520 -1.41248973
8.60000000 0.05567705 -1.41311715
8.61000000 0.04154333 -1.41360325
8.62000000 0.02740546 -1.41394800
8.63000000 0.01326484 -1.41415135
8.64000000 -0.00087710 -1.41421329
8.65000000 -0.01501895 -1.41413381
8.66000000 -0.02915930 -1.41391292
8.67000000 -0.04329674 -1.41355063
8.68000000 -0.05742984 -1.41304700
8.69000000 -0.07155721 -1.41240206
8.70000000 -0.08567741 -1.41161588
8.71000000 -0.09978905 -1.41068854
8.72000000 -0.11389071 -1.40962013
8.73000000 -0.12798099 -1.40841076
8.74000000 -0.14205846 -1.40706055
8.75000000 -0.15612173 -1.40556964
8.76000000 -0.17016938 -1.40393817
8.77000000 -0.18420002 -1.40216631
8.78000000 -0.19821224 -1.40025423
8.79000000 -0.21220464 -1.39820213
8.80000000 -0.22617582 -1.39601021
8.81000000 -0.24012438 -1.39367869
8.82000000 -0.25404893 -1.39120780
8.83000000 -0.26794807 -1.38859779
8.84000000 -0.28182042 -1.38584893
8.85000000 -0.29566459 -1.38296148
8.86000000 -0.30947919 -1.37993573
8.87000000 -0.32326284 -1.37677200
8.88000000 -0.33701417 -1.37347059
8.89000000 -0.35073180 -1.37003183
8.90000000 -0.36441435 -1.36645607
8.91000000 -0.37806046 -1.36274366
8.92000000 -0.39166877 -1.35889498
8.93000000 -0.40523791 -1.35491042
8.94000000 -0.41876653 -1.35079036
8.95000000 -0.43225327 -1.34653523
8.96000000 -0.44569678 -1.34214544
8.97000000 -0.45909573 -1.33762144
8.98000000 -0.47244877 -1.33296368
8.99000000 -0.48575456 -1.32817262
9.00000000 -0.49901178 -1.32324875
9.01000000 -0.51221909 -1.31819255
9.02000000 -0.52537519 -1.31300454
9.03000000 -0.53847875 -1.30768522
9.04000000 -0.55152846 -1.30223514
9.05000000 -0.56452301 -1.29665484
9.06000000 -0.57746112 -1.29094487
9.07000000 -0.59034148 -1.28510581
9.08000000 -0.60316281 -1.27913824
9.09000000 -0.61592382 -1.27304275
9.10000000 -0.62862324 -1.26681996
9.11000000 -0.64125980 -1.26047050
9.12000000 -0.65383223 -1.25399498
9.13000000 -0.66633928 -1.24739407
9.14000000 -0.67877969 -1.24066842
9.15000000 -0.69115223 -1.23381870
9.16000000 -0.70345566 -1.22684561
9.17000000 -0.71568874 -1.21974982
9.18000000 -0.72785025 -1.21253207
9.19000000 -0.73993897 -1.20519306
9.20000000 -0.75195371 -1.19773354
9.21000000 -0.76389324 -1.19015424
9.22000000 -0.77575639 -1.18245593
9.23000000 -0.78754197 -1.17463937
9.24000000 -0.79924879 -1.16670535
9.25000000 -0.81087569 -1.15865466
9.26000000 -0.82242150 -1.15048811
9.27000000 -0.83388507 -1.14220650
9.28000000 -0.84526525 -1.13381068
9.29000000 -0.85656090 -1.12530148
9.30000000 -0.86777090 -1.11667975
9.31000000 -0.87889412 -1.10794635
9.32000000 -0.88992946 -1.09910216
9.33000000 -0.90087580 -1.09014806
9.34000000 -0.91173206 -1.08108494
9.35000000 -0.92249714 -1.07191372
9.36000000 -0.93316997 -1.06263531
9.37000000 -0.94374949 -1.05325063
9.38000000 -0.95423464 -1.04376063
9.39000000 -0.96462436 -1.03416626
9.40000000 -0.97491762 -1.02446847
9.41000000 -0.98511338 -1.01466823
9.42000000 -0.99521064 -1.00476653
9.43000000 -1.00520838 -0.99476435
9.44000000 -1.01510560 -0.98466270
9.45000000 -1.02490131 -0.97446258
9.46000000 -1.03459452 -0.96416501
9.47000000 -1.04418428 -0.95377103
9.48000000 -1.05366963 -0.94328167
9.49000000 -1.06304960 -0.93269799
9.50000000 -1.07232328 -0.92202104
9.51000000 -1.08148972 -0.91125188
9.52000000 -1.09054801 -0.90039160
9.53000000 -1.09949725 -0.88944129
9.54000000 -1.10833654 -0.87840202
9.55000000 -1.11706500 -0.86727492
9.56000000 -1.12568175 -0.85606110
9.57000000 -1.13418593 -0.84476166
9.58000000 -1.14257670 -0.83337776
9.59000000 -1.15085321 -0.82191051
9.60000000 -1.15901464 -0.81036108
9.61000000 -1.16706016 -0.79873060
9.62000000 -1.17498898 -0.78702026
9.63000000 -1.18280030 -0.77523122
9.64000000 -1.19049335 -0.76336465
9.65000000 -1.19806734 -0.75142175
9.66000000 -1.20552153 -0.73940370
9.67000000 -1.21285517 -0.72731172
9.68000000 -1.22006752 -0.71514700
9.69000000 -1.22715787 -0.70291077
9.70000000 -1.23412551 -0.69060425
9.71000000 -1.24096973 -0.67822868
9.72000000 -1.24768985 -0.66578527
9.73000000 -1.25428521 -0.65327529
9.74000000 -1.26075514 -0.64069999
9.75000000 -1.26709900 -0.62806061
9.76000000 -1.27331614 -0.61535843
9.77000000 -1.27940596 -0.60259471
9.78000000 -1.28536784 -0.58977074
9.79000000 -1.29120118 -0.57688778
9.80000000 -1.29690540 -0.56394714
9.81000000 -1.30247993 -0.55095011
9.82000000 -1.30792422 -0.53789798
9.83000000 -1.31323771 -0.52479206
9.84000000 -1.31841989 -0.51163366
9.85000000 -1.32347022 -0.49842410
9.86000000 -1.32838820 -0.48516470
9.87000000 -1.33317335 -0.47185678
9.88000000 -1.33782518 -0.45850168
9.89000000 -1.34234323 -0.44510072
9.90000000 -1.34672705 -0.43165526
9.91000000 -1.35097619 -0.41816663
9.92000000 -1.35509024 -0.40463619
9.93000000 -1.35906878 -0.39106528
9.94000000 -1.36291141 -0.37745526
9.95000000 -1.36661776 -0.36380750
9.96000000 -1.37018744 -0.35012336
9.97000000 -1.37362011 -0.33640421
9.98000000 -1.37691542 -0.32265142
9.99000000 -1.38007303 -0.30886636
10.00000000 -1.38309264 -0.29505042
