0.00000000 1.00000000 1.00000000
0.01000000 1.00994975 0.98995025
0.02000000 1.01979851 0.97980151
0.03000000 1.02954529 0.96955479
0.04000000 1.03918912 0.95921112
0.05000000 1.04872903 0.94877153
0.06000000 1.05816408 0.93823706
0.07000000 1.06749331 0.92760878
0.08000000 1.07671579 0.91688773
0.09000000 1.08583060 0.90607500
0.10000000 1.09483684 0.89517166
0.11000000 1.10373359 0.88417881
0.12000000 1.11251997 0.87309754
0.13000000 1.12119510 0.86192897
0.14000000 1.12975812 0.85067420
0.15000000 1.13820816 0.83933437
0.16000000 1.14654439 0.82791061
0.17000000 1.15476596 0.81640405
0.18000000 1.16287206 0.80481586
0.19000000 1.17086187 0.79314719
0.20000000 1.17873461 0.78139921
0.21000000 1.18648947 0.76957309
0.22000000 1.19412568 0.75767002
0.23000000 1.20164249 0.74569117
0.24000000 1.20903913 0.73363777
0.25000000 1.21631488 0.72151100
0.26000000 1.22346899 0.70931208
0.27000000 1.23050076 0.69704223
0.28000000 1.23740949 0.68470268
0.29000000 1.24419448 0.67229466
0.30000000 1.25085505 0.65981941
0.31000000 1.25739053 0.64727818
0.32000000 1.26380029 0.63467223
0.33000000 1.27008366 0.62200281
0.34000000 1.27624003 0.60927119
0.35000000 1.28226878 0.59647865
0.36000000 1.28816931 0.58362645
0.37000000 1.29394102 0.57071590
0.38000000 1.29958334 0.55774828
0.39000000 1.30509570 0.54472489
0.40000000 1.31047756 0.53164702
0.41000000 1.31572838 0.51851599
0.42000000 1.32084762 0.50533311
0.43000000 1.32583479 0.49209970
0.44000000 1.33068937 0.47881708
0.45000000 1.33541089 0.46548658
0.46000000 1.33999887 0.45210953
0.47000000 1.34445286 0.43868727
0.48000000 1.34877240 0.42522114
0.49000000 1.35295707 0.41171249
0.50000000 1.35700644 0.39816268
0.51000000 1.36092012 0.38457304
0.52000000 1.36469771 0.37094496
0.53000000 1.36833883 0.35727977
0.54000000 1.37184313 0.34357886
0.55000000 1.37521024 0.32984360
0.56000000 1.37843983 0.31607535
0.57000000 1.38153159 0.30227549
0.58000000 1.38448519 0.28844540
0.59000000 1.38730035 0.27458648
0.60000000 1.38997678 0.26070009
0.61000000 1.39251422 0.24678764
0.62000000 1.39491241 0.23285050
0.63000000 1.39717112 0.21889009
0.64000000 1.39929011 0.20490778
0.65000000 1.40126917 0.19090498
0.66000000 1.40310811 0.17688310
0.67000000 1.40480674 0.16284352
0.68000000 1.40636490 0.14878766
0.69000000 1.40778242 0.13471693
0.70000000 1.40905917 0.12063272
0.71000000 1.41019502 0.10653645
0.72000000 1.41118985 0.09242952
0.73000000 1.41204356 0.07831336
0.74000000 1.41275607 0.06418936
0.75000000 1.41332732 0.05005894
0.76000000 1.41375723 0.03592352
0.77000000 1.41404577 0.02178450
0.78000000 1.41419291 0.00764331
0.79000000 1.41419863 -0.00649865
0.80000000 1.41406294 -0.02063995
0.81000000 1.41378584 -0.03477920
0.82000000 1.41336737 -0.04891496
0.83000000 1.41280757 -0.06304584
0.84000000 1.41210649 -0.07717041
0.85000000 1.41126420 -0.09128726
0.86000000 1.41028079 -0.10539499
0.87000000 1.40915635 -0.11949217
0.88000000 1.40789100 -0.13357741
0.89000000 1.40648487 -0.14764929
0.90000000 1.40493809 -0.16170640
0.91000000 1.40325082 -0.17574735
0.92000000 1.40142323 -0.18977072
0.93000000 1.39945550 -0.20377511
0.94000000 1.39734783 -0.21775913
0.95000000 1.39510043 -0.23172137
0.96000000 1.39271352 -0.24566044
0.97000000 1.39018734 -0.25957495
0.98000000 1.38752215 -0.27346349
0.99000000 1.38471821 -0.28732469
1.00000000 1.38177580 -0.30115716
1.01000000 1.37869522 -0.31495952
1.02000000 1.37547677 -0.32873038
1.03000000 1.37212077 -0.34246837
1.04000000 1.36862757 -0.35617211
1.05000000 1.36499751 -0.36984023
1.06000000 1.36123095 -0.38347138
1.07000000 1.35732827 -0.39706417
1.08000000 1.35328987 -0.41061726
1.09000000 1.34911613 -0.42412929
1.10000000 1.34480749 -0.43759891
1.11000000 1.34036437 -0.45102477
1.12000000 1.33578722 -0.46440553
1.13000000 1.33107650 -0.47773985
1.14000000 1.32623266 -0.49102639
1.15000000 1.32125621 -0.50426384
1.16000000 1.31614764 -0.51745086
1.17000000 1.31090746 -0.53058613
1.18000000 1.30553618 -0.54366835
1.19000000 1.30003436 -0.55669620
1.20000000 1.29440254 -0.56966839
1.21000000 1.28864128 -0.58258361
1.22000000 1.28275116 -0.59544057
1.23000000 1.27673276 -0.60823799
1.24000000 1.27058670 -0.62097459
1.25000000 1.26431358 -0.63364909
1.26000000 1.25791404 -0.64626023
1.27000000 1.25138870 -0.65880674
1.28000000 1.24473823 -0.67128737
1.29000000 1.23796329 -0.68370088
1.30000000 1.23106455 -0.69604602
1.31000000 1.22404272 -0.70832156
1.32000000 1.21689848 -0.72052626
1.33000000 1.20963255 -0.73265892
1.34000000 1.20224567 -0.74471831
1.35000000 1.19473856 -0.75670323
1.36000000 1.18711198 -0.76861248
1.37000000 1.17936669 -0.78044488
1.38000000 1.17150347 -0.79219923
1.39000000 1.16352310 -0.80387436
1.40000000 1.15542639 -0.81546911
1.41000000 1.14721413 -0.82698231
1.42000000 1.13888715 -0.83841282
1.43000000 1.13044629 -0.84975948
1.44000000 1.12189239 -0.86102118
1.45000000 1.11322630 -0.87219677
1.46000000 1.10444889 -0.88328515
1.47000000 1.09556104 -0.89428520
1.48000000 1.08656363 -0.90519582
1.49000000 1.07745757 -0.91601593
1.50000000 1.06824377 -0.92674443
1.51000000 1.05892315 -0.93738027
1.52000000 1.04949664 -0.94792237
1.53000000 1.03996518 -0.95836967
1.54000000 1.03032972 -0.96872115
1.55000000 1.02059124 -0.97897575
1.56000000 1.01075070 -0.98913246
1.57000000 1.00080908 -0.99919026
1.58000000 0.99076739 -1.00914814
1.59000000 0.98062662 -1.01900512
1.60000000 0.97038780 -1.02876019
1.61000000 0.96005193 -1.03841239
1.62000000 0.94962007 -1.04796075
1.63000000 0.93909324 -1.05740431
1.64000000 0.92847251 -1.06674214
1.65000000 0.91775893 -1.07597330
1.66000000 0.90695358 -1.08509686
1.67000000 0.89605754 -1.09411192
1.68000000 0.88507189 -1.10301756
1.69000000 0.87399774 -1.11181291
1.70000000 0.86283619 -1.12049708
1.71000000 0.85158836 -1.12906920
1.72000000 0.84025537 -1.13752842
1.73000000 0.82883836 -1.14587389
1.74000000 0.81733847 -1.15410478
1.75000000 0.80575684 -1.16222025
1.76000000 0.79409464 -1.17021951
1.77000000 0.78235304 -1.17810175
1.78000000 0.77053320 -1.18586618
1.79000000 0.75863630 -1.19351203
1.80000000 0.74666355 -1.20103853
1.81000000 0.73461613 -1.20844492
1.82000000 0.72249526 -1.21573048
1.83000000 0.71030213 -1.22289447
1.84000000 0.69803798 -1.22993617
1.85000000 0.68570402 -1.23685488
1.86000000 0.67330150 -1.24364991
1.87000000 0.66083165 -1.25032057
1.88000000 0.64829571 -1.25686621
1.89000000 0.63569495 -1.26328616
1.90000000 0.62303062 -1.26957979
1.91000000 0.61030399 -1.27574646
1.92000000 0.59751633 -1.28178556
1.93000000 0.58466892 -1.28769649
1.94000000 0.57176304 -1.29347865
1.95000000 0.55879999 -1.29913147
1.96000000 0.54578107 -1.30465437
1.97000000 0.53270756 -1.31004681
1.98000000 0.51958078 -1.31530826
1.99000000 0.50640205 -1.32043817
2.00000000 0.49317268 -1.32543604
2.01000000 0.47989399 -1.33030138
2.02000000 0.46656732 -1.33503368
2.03000000 0.45319399 -1.33963249
2.04000000 0.43977534 -1.34409734
2.05000000 0.42631271 -1.34842778
2.06000000 0.41280746 -1.35262338
2.07000000 0.39926092 -1.35668372
2.08000000 0.38567446 -1.36060840
2.09000000 0.37204943 -1.36439702
2.10000000 0.35838720 -1.36804920
2.11000000 0.34468913 -1.37156458
2.12000000 0.33095660 -1.37494281
2.13000000 0.31719096 -1.37818355
2.14000000 0.30339361 -1.38128647
2.15000000 0.28956593 -1.38425127
2.16000000 0.27570928 -1.38707764
2.17000000 0.26182507 -1.38976532
2.18000000 0.24791467 -1.39231401
2.19000000 0.23397948 -1.39472349
2.20000000 0.22002090 -1.39699349
2.21000000 0.20604031 -1.39912379
2.22000000 0.19203912 -1.40111419
2.23000000 0.17801873 -1.40296448
2.24000000 0.16398053 -1.40467448
2.25000000 0.14992594 -1.40624401
2.26000000 0.13585636 -1.40767292
2.27000000 0.12177319 -1.40896107
2.28000000 0.10767784 -1.41010832
2.29000000 0.09357172 -1.41111457
2.30000000 0.07945625 -1.41197971
2.31000000 0.06533284 -1.41270366
2.32000000 0.05120289 -1.41328633
2.33000000 0.03706782 -1.41372769
2.34000000 0.02292904 -1.41402767
2.35000000 0.00878797 -1.41418626
2.36000000 -0.00535398 -1.41420343
2.37000000 -0.01949539 -1.41407918
2.38000000 -0.03363485 -1.41381353
2.39000000 -0.04777096 -1.41340650
2.40000000 -0.06190228 -1.41285813
2.41000000 -0.07602741 -1.41216849
2.42000000 -0.09014494 -1.41133762
2.43000000 -0.10425346 -1.41036563
2.44000000 -0.11835155 -1.40925261
2.45000000 -0.13243781 -1.40799866
2.46000000 -0.14651082 -1.40660392
2.47000000 -0.16056918 -1.40506852
2.48000000 -0.17461149 -1.40339261
2.49000000 -0.18863633 -1.40157637
2.50000000 -0.20264231 -1.39961998
2.51000000 -0.21662803 -1.39752363
2.52000000 -0.23059209 -1.39528753
2.53000000 -0.24453308 -1.39291190
2.54000000 -0.25844963 -1.39039699
2.55000000 -0.27234033 -1.38774304
2.56000000 -0.28620380 -1.38495032
2.57000000 -0.30003864 -1.38201911
2.58000000 -0.31384349 -1.37894970
2.59000000 -0.32761695 -1.37574239
2.60000000 -0.34135765 -1.37239752
2.61000000 -0.35506421 -1.36891541
2.62000000 -0.36873527 -1.36529641
2.63000000 -0.38236946 -1.36154089
2.64000000 -0.39596541 -1.35764922
2.65000000 -0.40952176 -1.35362178
2.66000000 -0.42303717 -1.34945899
2.67000000 -0.43651027 -1.34516125
2.68000000 -0.44993972 -1.34072900
2.69000000 -0.46332418 -1.33616268
2.70000000 -0.47666230 -1.33146275
2.71000000 -0.48995277 -1.32662967
2.72000000 -0.50319423 -1.32166394
2.73000000 -0.51638538 -1.31656604
2.74000000 -0.52952490 -1.31133649
2.75000000 -0.54261146 -1.30597581
2.76000000 -0.55564376 -1.30048453
2.77000000 -0.56862050 -1.29486321
2.78000000 -0.58154038 -1.28911240
2.79000000 -0.59440210 -1.28323269
2.80000000 -0.60720439 -1.27722466
2.81000000 -0.61994596 -1.27108891
2.82000000 -0.63262553 -1.26482605
2.83000000 -0.64524185 -1.25843671
2.84000000 -0.65779364 -1.25192154
2.85000000 -0.67027965 -1.24528117
2.86000000 -0.68269864 -1.23851628
2.87000000 -0.69504936 -1.23162754
2.88000000 -0.70733057 -1.22461564
2.89000000 -0.71954106 -1.21748128
2.90000000 -0.73167959 -1.21022518
2.91000000 -0.74374496 -1.20284805
2.92000000 -0.75573595 -1.19535065
2.93000000 -0.76765137 -1.18773371
2.94000000 -0.77949003 -1.17999801
2.95000000 -0.79125074 -1.17214430
2.96000000 -0.80293233 -1.16417339
2.97000000 -0.81453363 -1.15608606
2.98000000 -0.82605347 -1.14788312
2.99000000 -0.83749072 -1.13956540
3.00000000 -0.84884421 -1.13113373
3.01000000 -0.86011282 -1.12258894
3.02000000 -0.87129543 -1.11393190
3.03000000 -0.88239091 -1.10516347
3.04000000 -0.89339815 -1.09628452
3.05000000 -0.90431605 -1.08729595
3.06000000 -0.91514352 -1.07819865
3.07000000 -0.92587948 -1.06899354
3.08000000 -0.93652286 -1.05968153
3.09000000 -0.94707258 -1.05026355
3.10000000 -0.95752760 -1.04074055
3.11000000 -0.96788687 -1.03111348
3.12000000 -0.97814936 -1.02138330
3.13000000 -0.98831403 -1.01155098
3.14000000 -0.99837987 -1.00161751
3.15000000 -1.00834588 -0.99158388
3.16000000 -1.01821105 -0.98145110
3.17000000 -1.02797441 -0.97122017
3.18000000 -1.03763497 -0.96089212
3.19000000 -1.04719177 -0.95046799
3.20000000 -1.05664385 -0.93994881
3.21000000 -1.06599028 -0.92933564
3.22000000 -1.07523010 -0.91862954
3.23000000 -1.08436241 -0.90783157
3.24000000 -1.09338628 -0.89694283
3.25000000 -1.10230082 -0.88596440
3.26000000 -1.11110513 -0.87489737
3.27000000 -1.11979833 -0.86374285
3.28000000 -1.12837955 -0.85250196
3.29000000 -1.13684794 -0.84117582
3.30000000 -1.14520265 -0.82976557
3.31000000 -1.15344284 -0.81827234
3.32000000 -1.16156768 -0.80669729
3.33000000 -1.16957638 -0.79504157
3.34000000 -1.17746812 -0.78330635
3.35000000 -1.18524211 -0.77149279
3.36000000 -1.19289759 -0.75960210
3.37000000 -1.20043378 -0.74763544
3.38000000 -1.20784992 -0.73559402
3.39000000 -1.21514529 -0.72347904
3.40000000 -1.22231914 -0.71129172
3.41000000 -1.22937077 -0.69903327
3.42000000 -1.23629946 -0.68670492
3.43000000 -1.24310452 -0.67430790
3.44000000 -1.24978528 -0.66184345
3.45000000 -1.25634106 -0.64931282
3.46000000 -1.26277121 -0.63671726
3.47000000 -1.26907509 -0.62405803
3.48000000 -1.27525206 -0.61133639
3.49000000 -1.28130151 -0.59855362
3.50000000 -1.28722283 -0.58571100
3.51000000 -1.29301544 -0.57280981
3.52000000 -1.29867874 -0.55985134
3.53000000 -1.30421218 -0.54683689
3.54000000 -1.30961521 -0.53376775
3.55000000 -1.31488727 -0.52064524
3.56000000 -1.32002785 -0.50747066
3.57000000 -1.32503643 -0.49424534
3.58000000 -1.32991251 -0.48097060
3.59000000 -1.33465560 -0.46764775
3.60000000 -1.33926523 -0.45427815
3.61000000 -1.34374094 -0.44086312
3.62000000 -1.34808227 -0.42740400
3.63000000 -1.35228880 -0.41390215
3.64000000 -1.35636011 -0.40035890
3.65000000 -1.36029578 -0.38677562
3.66000000 -1.36409543 -0.37315367
3.67000000 -1.36775867 -0.35949440
3.68000000 -1.37128514 -0.34579918
3.69000000 -1.37467448 -0.33206938
3.70000000 -1.37792636 -0.31830638
3.71000000 -1.38104045 -0.30451154
3.72000000 -1.38401644 -0.29068626
3.73000000 -1.38685403 -0.27683191
3.74000000 -1.38955294 -0.26294987
3.75000000 -1.39211289 -0.24904154
3.76000000 -1.39453364 -0.23510831
3.77000000 -1.39681494 -0.22115157
3.78000000 -1.39895656 -0.20717271
3.79000000 -1.40095829 -0.19317313
3.80000000 -1.40281993 -0.17915424
3.81000000 -1.40454129 -0.16511744
3.82000000 -1.40612220 -0.15106412
3.83000000 -1.40756250 -0.13699570
3.84000000 -1.40886204 -0.12291357
3.85000000 -1.41002071 -0.10881916
3.86000000 -1.41103837 -0.09471386
3.87000000 -1.41191494 -0.08059910
3.88000000 -1.41265031 -0.06647627
3.89000000 -1.41324443 -0.05234680
3.90000000 -1.41369722 -0.03821209
3.91000000 -1.41400865 -0.02407356
3.92000000 -1.41417868 -0.00993262
3.93000000 -1.41420730 0.00420931
3.94000000 -1.41409450 0.01835082
3.95000000 -1.41384029 0.03249049
3.96000000 -1.41344470 0.04662691
3.97000000 -1.41290778 0.06075868
3.98000000 -1.41222956 0.07488436
3.99000000 -1.41141013 0.08900256
4.00000000 -1.41044955 0.10311186
4.01000000 -1.40934794 0.11721085
4.02000000 -1.40810540 0.13129811
4.03000000 -1.40672204 0.14537225
4.04000000 -1.40519802 0.15943185
4.05000000 -1.40353349 0.17347551
4.06000000 -1.40172860 0.18750182
4.07000000 -1.39978354 0.20150938
4.08000000 -1.39769851 0.21549679
4.09000000 -1.39547372 0.22946265
4.10000000 -1.39310937 0.24340557
4.11000000 -1.39060573 0.25732414
4.12000000 -1.38796302 0.27121699
4.13000000 -1.38518152 0.28508271
4.14000000 -1.38226151 0.29891992
4.15000000 -1.37920327 0.31272725
4.16000000 -1.37600712 0.32650330
4.17000000 -1.37267337 0.34024670
4.18000000 -1.36920236 0.35395608
4.19000000 -1.36559443 0.36763007
4.20000000 -1.36184994 0.38126729
4.21000000 -1.35796927 0.39486638
4.22000000 -1.35395281 0.40842599
4.23000000 -1.34980095 0.42194476
4.24000000 -1.34551412 0.43542134
4.25000000 -1.34109275 0.44885437
4.26000000 -1.33653726 0.46224252
4.27000000 -1.33184813 0.47558445
4.28000000 -1.32702581 0.48887882
4.29000000 -1.32207079 0.50212430
4.30000000 -1.31698358 0.51531957
4.31000000 -1.31176466 0.52846331
4.32000000 -1.30641457 0.54155421
4.33000000 -1.30093385 0.55459095
4.34000000 -1.29532303 0.56757224
4.35000000 -1.28958269 0.58049677
4.36000000 -1.28371339 0.59336325
4.37000000 -1.27771572 0.60617039
4.38000000 -1.27159028 0.61891692
4.39000000 -1.26533769 0.63160156
4.40000000 -1.25895857 0.64422304
4.41000000 -1.25245355 0.65678010
4.42000000 -1.24582329 0.66927149
4.43000000 -1.23906846 0.68169595
4.44000000 -1.23218971 0.69405224
4.45000000 -1.22518776 0.70633912
4.46000000 -1.21806328 0.71855538
4.47000000 -1.21081701 0.73069978
4.48000000 -1.20344965 0.74277111
4.49000000 -1.19596196 0.75476817
4.50000000 -1.18835467 0.76668976
4.51000000 -1.18062855 0.77853467
4.52000000 -1.17278436 0.79030174
4.53000000 -1.16482291 0.80198977
4.54000000 -1.15674497 0.81359761
4.55000000 -1.14855136 0.82512409
4.56000000 -1.14024290 0.83656807
4.57000000 -1.13182042 0.84792838
4.58000000 -1.12328476 0.85920391
4.59000000 -1.11463677 0.87039352
4.60000000 -1.10587732 0.88149609
4.61000000 -1.09700729 0.89251051
4.62000000 -1.08802756 0.90343568
4.63000000 -1.07893903 0.91427052
4.64000000 -1.06974260 0.92501392
4.65000000 -1.06043921 0.93566483
4.66000000 -1.05102978 0.94622218
4.67000000 -1.04151524 0.95668490
4.68000000 -1.03189656 0.96705196
4.69000000 -1.02217468 0.97732232
4.70000000 -1.01235060 0.98749495
4.71000000 -1.00242528 0.99756882
4.72000000 -0.99239972 1.00754295
4.73000000 -0.98227492 1.01741632
4.74000000 -0.97205190 1.02718796
4.75000000 -0.96173168 1.03685687
4.76000000 -0.95131528 1.04642211
4.77000000 -0.94080376 1.05588270
4.78000000 -0.93019816 1.06523771
4.79000000 -0.91949954 1.07448620
4.80000000 -0.90870897 1.08362725
4.81000000 -0.89782753 1.09265993
4.82000000 -0.88685632 1.10158335
4.83000000 -0.87579642 1.11039661
4.84000000 -0.86464894 1.11909884
4.85000000 -0.85341500 1.12768916
4.86000000 -0.84209572 1.13616671
4.87000000 -0.83069224 1.14453065
4.88000000 -0.81920568 1.15278014
4.89000000 -0.80763721 1.16091435
4.90000000 -0.79598797 1.16893248
4.91000000 -0.78425914 1.17683372
4.92000000 -0.77245189 1.18461727
4.93000000 -0.76056739 1.19228237
4.94000000 -0.74860684 1.19982824
4.95000000 -0.73657143 1.20725413
4.96000000 -0.72446236 1.21455930
4.97000000 -0.71228085 1.22174302
4.98000000 -0.70002811 1.22880456
4.99000000 -0.68770537 1.23574323
5.00000000 -0.67531386 1.24255832
5.01000000 -0.66285482 1.24924917
5.02000000 -0.65032950 1.25581509
5.03000000 -0.63773915 1.26225543
5.04000000 -0.62508503 1.26856955
5.05000000 -0.61236839 1.27475682
5.06000000 -0.59959053 1.28081661
5.07000000 -0.58675270 1.28674833
5.08000000 -0.57385620 1.29255138
5.09000000 -0.56090232 1.29822517
5.10000000 -0.54789235 1.30376914
5.11000000 -0.53482759 1.30918274
5.12000000 -0.52170935 1.31446543
5.13000000 -0.50853894 1.31961667
5.14000000 -0.49531768 1.32463595
5.15000000 -0.48204688 1.32952277
5.16000000 -0.46872788 1.33427665
5.17000000 -0.45536202 1.33889710
5.18000000 -0.44195061 1.34338366
5.19000000 -0.42849501 1.34773589
5.20000000 -0.41499657 1.35195335
5.21000000 -0.40145662 1.35603561
5.22000000 -0.38787653 1.35998228
5.23000000 -0.37425766 1.36379295
5.24000000 -0.36060136 1.36746724
5.25000000 -0.34690900 1.37100479
5.26000000 -0.33318195 1.37440525
5.27000000 -0.31942158 1.37766827
5.28000000 -0.30562927 1.38079352
5.29000000 -0.29180640 1.38378070
5.30000000 -0.27795435 1.38662950
5.31000000 -0.26407450 1.38933965
5.32000000 -0.25016825 1.39191086
5.33000000 -0.23623698 1.39434289
5.34000000 -0.22228209 1.39663548
5.35000000 -0.20830497 1.39878842
5.36000000 -0.19430702 1.40080148
5.37000000 -0.18028964 1.40267446
5.38000000 -0.16625423 1.40440718
5.39000000 -0.15220220 1.40599946
5.40000000 -0.13813495 1.40745115
5.41000000 -0.12405388 1.40876209
5.42000000 -0.10996041 1.40993216
5.43000000 -0.09585594 1.41096125
5.44000000 -0.08174189 1.41184924
5.45000000 -0.06761966 1.41259604
5.46000000 -0.05349067 1.41320159
5.47000000 -0.03935634 1.41366583
5.48000000 -0.02521806 1.41398870
5.49000000 -0.01107727 1.41417018
5.50000000 0.00306463 1.41421024
5.51000000 0.01720623 1.41410889
5.52000000 0.03134610 1.41386613
5.53000000 0.04548284 1.41348198
5.54000000 0.05961504 1.41295649
5.55000000 0.07374127 1.41228971
5.56000000 0.08786012 1.41148170
5.57000000 0.10197019 1.41053255
5.58000000 0.11607007 1.40944235
5.59000000 0.13015834 1.40821121
5.60000000 0.14423359 1.40683925
5.61000000 0.15829442 1.40532661
5.62000000 0.17233942 1.40367344
5.63000000 0.18636719 1.40187991
5.64000000 0.20037632 1.39994619
5.65000000 0.21436541 1.39787248
5.66000000 0.22833307 1.39565899
5.67000000 0.24227789 1.39330593
5.68000000 0.25619849 1.39081355
5.69000000 0.27009347 1.38818209
5.70000000 0.28396144 1.38541182
5.71000000 0.29780101 1.38250300
5.72000000 0.31161081 1.37945595
5.73000000 0.32538944 1.37627094
5.74000000 0.33913554 1.37294832
5.75000000 0.35284772 1.36948840
5.76000000 0.36652462 1.36589154
5.77000000 0.38016487 1.36215809
5.78000000 0.39376710 1.35828843
5.79000000 0.40732996 1.35428295
5.80000000 0.42085208 1.35014204
5.81000000 0.43433212 1.34586612
5.82000000 0.44776873 1.34145561
5.83000000 0.46116056 1.33691097
5.84000000 0.47450628 1.33223263
5.85000000 0.48780455 1.32742108
5.86000000 0.50105404 1.32247679
5.87000000 0.51425343 1.31740025
5.88000000 0.52740139 1.31219197
5.89000000 0.54049661 1.30685248
5.90000000 0.55353778 1.30138231
5.91000000 0.56652360 1.29578201
5.92000000 0.57945278 1.29005212
5.93000000 0.59232400 1.28419324
5.94000000 0.60513600 1.27820594
5.95000000 0.61788748 1.27209082
5.96000000 0.63057718 1.26584850
5.97000000 0.64320382 1.25947959
5.98000000 0.65576614 1.25298474
5.99000000 0.66826289 1.24636460
6.00000000 0.68069281 1.23961982
6.01000000 0.69305466 1.23275108
6.02000000 0.70534721 1.22575907
6.03000000 0.71756923 1.21864449
6.04000000 0.72971950 1.21140805
6.05000000 0.74179679 1.20405047
6.06000000 0.75379990 1.19657248
6.07000000 0.76572764 1.18897485
6.08000000 0.77757880 1.18125831
6.09000000 0.78935221 1.17342366
6.10000000 0.80104669 1.16547166
6.11000000 0.81266107 1.15740312
6.12000000 0.82419418 1.14921885
6.13000000 0.83564487 1.14091965
6.14000000 0.84701200 1.13250637
6.15000000 0.85829443 1.12397984
6.16000000 0.86949103 1.11534091
6.17000000 0.88060069 1.10659045
6.18000000 0.89162229 1.09772934
6.19000000 0.90255473 1.08875845
6.20000000 0.91339691 1.07967869
6.21000000 0.92414776 1.07049097
6.22000000 0.93480620 1.06119620
6.23000000 0.94537115 1.05179531
6.24000000 0.95584158 1.04228925
6.25000000 0.96621642 1.03267896
6.26000000 0.97649464 1.02296540
6.27000000 0.98667522 1.01314955
6.28000000 0.99675712 1.00323239
6.29000000 1.00673936 0.99321491
6.30000000 1.01662093 0.98309811
6.31000000 1.02640083 0.97288300
6.32000000 1.03607810 0.96257061
6.33000000 1.04565176 0.95216196
6.34000000 1.05512086 0.94165809
6.35000000 1.06448445 0.93106007
6.36000000 1.07374160 0.92036894
6.37000000 1.08289137 0.90958577
6.38000000 1.09193286 0.89871165
6.39000000 1.10086516 0.88774766
6.40000000 1.10968737 0.87669490
6.41000000 1.11839862 0.86555447
6.42000000 1.12699803 0.85432748
6.43000000 1.13548474 0.84301507
6.44000000 1.14385791 0.83161836
6.45000000 1.15211669 0.82013848
6.46000000 1.16026026 0.80857660
6.47000000 1.16828782 0.79693386
6.48000000 1.17619854 0.78521143
6.49000000 1.18399165 0.77341048
6.50000000 1.19166637 0.76153219
6.51000000 1.19922192 0.74957774
6.52000000 1.20665755 0.73754835
6.53000000 1.21397251 0.72544520
6.54000000 1.22116609 0.71326950
6.55000000 1.22823755 0.70102249
6.56000000 1.23518619 0.68870537
6.57000000 1.24201131 0.67631938
6.58000000 1.24871224 0.66386576
6.59000000 1.25528829 0.65134576
6.60000000 1.26173883 0.63876062
6.61000000 1.26806319 0.62611161
6.62000000 1.27426075 0.61339999
6.63000000 1.28033088 0.60062704
6.64000000 1.28627299 0.58779402
6.65000000 1.29208647 0.57490222
6.66000000 1.29777074 0.56195293
6.67000000 1.30332524 0.54894745
6.68000000 1.30874942 0.53588708
6.69000000 1.31404272 0.52277312
6.70000000 1.31920462 0.50960688
6.71000000 1.32423460 0.49638969
6.72000000 1.32913216 0.48312285
6.73000000 1.33389682 0.46980771
6.74000000 1.33852808 0.45644558
6.75000000 1.34302550 0.44303782
6.76000000 1.34738862 0.42958575
6.77000000 1.35161700 0.41609072
6.78000000 1.35571022 0.40255408
6.79000000 1.35966788 0.38897719
6.80000000 1.36348957 0.37536140
6.81000000 1.36717492 0.36170808
6.82000000 1.37072355 0.34801859
6.83000000 1.37413512 0.33429429
6.84000000 1.37740927 0.32053657
6.85000000 1.38054569 0.30674680
6.86000000 1.38354406 0.29292635
6.87000000 1.38640407 0.27907661
6.88000000 1.38912545 0.26519896
6.89000000 1.39170792 0.25129479
6.90000000 1.39415122 0.23736550
6.91000000 1.39645511 0.22341247
6.92000000 1.39861936 0.20943709
6.93000000 1.40064375 0.19544078
6.94000000 1.40252807 0.18142492
6.95000000 1.40427215 0.16739092
6.96000000 1.40587581 0.15334018
6.97000000 1.40733888 0.13927411
6.98000000 1.40866122 0.12519411
6.99000000 1.40984270 0.11110159
7.00000000 1.41088320 0.09699796
7.01000000 1.41178261 0.08288463
7.02000000 1.41254085 0.06876301
7.03000000 1.41315784 0.05463452
7.04000000 1.41363351 0.04050056
7.05000000 1.41396783 0.02636255
7.06000000 1.41416075 0.01222191
7.07000000 1.41421226 -0.00191996
7.08000000 1.41412235 -0.01606163
7.09000000 1.41389103 -0.03020170
7.10000000 1.41351833 -0.04433874
7.11000000 1.41300428 -0.05847135
7.12000000 1.41234893 -0.07259812
7.13000000 1.41155236 -0.08671763
7.14000000 1.41061463 -0.10082846
7.15000000 1.40953584 -0.11492921
7.16000000 1.40831610 -0.12901847
7.17000000 1.40695553 -0.14309483
7.18000000 1.40545427 -0.15715688
7.19000000 1.40381247 -0.17120322
7.20000000 1.40203029 -0.18523243
7.21000000 1.40010792 -0.19924312
7.22000000 1.39804553 -0.21323389
7.23000000 1.39584335 -0.22720333
7.24000000 1.39350158 -0.24115006
7.25000000 1.39102047 -0.25507267
7.26000000 1.38840025 -0.26896977
7.27000000 1.38564120 -0.28283998
7.28000000 1.38274359 -0.29668190
7.29000000 1.37970771 -0.31049416
7.30000000 1.37653387 -0.32427537
7.31000000 1.37322237 -0.33802415
7.32000000 1.36977355 -0.35173913
7.33000000 1.36618776 -0.36541893
7.34000000 1.36246536 -0.37906220
7.35000000 1.35860671 -0.39266756
7.36000000 1.35461220 -0.40623365
7.37000000 1.35048224 -0.41975913
7.38000000 1.34621723 -0.43324262
7.39000000 1.34181760 -0.44668280
7.40000000 1.33728380 -0.46007830
7.41000000 1.33261627 -0.47342780
7.42000000 1.32781548 -0.48672996
7.43000000 1.32288191 -0.49998345
7.44000000 1.31781606 -0.51318694
7.45000000 1.31261843 -0.52633911
7.46000000 1.30728954 -0.53943865
7.47000000 1.30182992 -0.55248425
7.48000000 1.29624013 -0.56547460
7.49000000 1.29052072 -0.57840840
7.50000000 1.28467225 -0.59128437
7.51000000 1.27869532 -0.60410121
7.52000000 1.27259053 -0.61685764
7.53000000 1.26635848 -0.62955238
7.54000000 1.25999980 -0.64218417
7.55000000 1.25351512 -0.65475175
7.56000000 1.24690509 -0.66725385
7.57000000 1.24017037 -0.67968923
7.58000000 1.23331164 -0.69205664
7.59000000 1.22632959 -0.70435484
7.60000000 1.21922490 -0.71658261
7.61000000 1.21199829 -0.72873873
7.62000000 1.20465049 -0.74082197
7.63000000 1.19718222 -0.75283114
7.64000000 1.18959424 -0.76476502
7.65000000 1.18188731 -0.77662243
7.66000000 1.17406218 -0.78840218
7.67000000 1.16611966 -0.80010308
7.68000000 1.15806052 -0.81172399
7.69000000 1.14988558 -0.82326372
7.70000000 1.14159566 -0.83472112
7.71000000 1.13319158 -0.84609506
7.72000000 1.12467418 -0.85738439
7.73000000 1.11604432 -0.86858798
7.74000000 1.10730286 -0.87970472
7.75000000 1.09845066 -0.89073348
7.76000000 1.08948863 -0.90167318
7.77000000 1.08041765 -0.91252271
7.78000000 1.07123863 -0.92328099
7.79000000 1.06195249 -0.93394695
7.80000000 1.05256016 -0.94451951
7.81000000 1.04306258 -0.95499763
7.82000000 1.03346069 -0.96538024
7.83000000 1.02375545 -0.97566632
7.84000000 1.01394785 -0.98585484
7.85000000 1.00403885 -0.99594477
7.86000000 0.99402945 -1.00593511
7.87000000 0.98392065 -1.01582486
7.88000000 0.97371346 -1.02561303
7.89000000 0.96340890 -1.03529865
7.90000000 0.95300801 -1.04488073
7.91000000 0.94251181 -1.05435833
7.92000000 0.93192137 -1.06373050
7.93000000 0.92123773 -1.07299629
7.94000000 0.91046198 -1.08215479
7.95000000 0.89959518 -1.09120508
7.96000000 0.88863842 -1.10014624
7.97000000 0.87759280 -1.10897740
7.98000000 0.86645943 -1.11769766
7.99000000 0.85523941 -1.12630616
8.00000000 0.84393387 -1.13480202
8.01000000 0.83254393 -1.14318441
8.02000000 0.82107075 -1.15145248
8.03000000 0.80951546 -1.15960542
8.04000000 0.79787922 -1.16764239
8.05000000 0.78616320 -1.17556260
8.06000000 0.77436856 -1.18336526
8.07000000 0.76249648 -1.19104958
8.08000000 0.75054816 -1.19861481
8.09000000 0.73852479 -1.20606017
8.10000000 0.72642756 -1.21338493
8.11000000 0.71425769 -1.22058836
8.12000000 0.70201640 -1.22766973
8.13000000 0.68970491 -1.23462834
8.14000000 0.67732445 -1.24146348
8.15000000 0.66487626 -1.24817449
8.16000000 0.65236159 -1.25476068
8.17000000 0.63978168 -1.26122139
8.18000000 0.62713779 -1.26755599
8.19000000 0.61443119 -1.27376384
8.20000000 0.60166315 -1.27984431
8.21000000 0.58883495 -1.28579680
8.22000000 0.57594786 -1.29162071
8.23000000 0.56300318 -1.29731547
8.24000000 0.55000220 -1.30288049
8.25000000 0.53694622 -1.30831524
8.26000000 0.52383655 -1.31361915
8.27000000 0.51067449 -1.31879171
8.28000000 0.49746137 -1.32383238
8.29000000 0.48419851 -1.32874068
8.30000000 0.47088722 -1.33351611
8.31000000 0.45752885 -1.33815819
8.32000000 0.44412473 -1.34266646
8.33000000 0.43067619 -1.34704047
8.34000000 0.41718459 -1.35127977
8.35000000 0.40365127 -1.35538395
8.36000000 0.39007759 -1.35935259
8.37000000 0.37646490 -1.36318531
8.38000000 0.36281457 -1.36688170
8.39000000 0.34912795 -1.37044142
8.40000000 0.33540642 -1.37386409
8.41000000 0.32165136 -1.37714938
8.42000000 0.30786412 -1.38029695
8.43000000 0.29404611 -1.38330650
8.44000000 0.28019869 -1.38617773
8.45000000 0.26632325 -1.38891034
8.46000000 0.25242117 -1.39150406
8.47000000 0.23849386 -1.39395864
8.48000000 0.22454270 -1.39627382
8.49000000 0.21056908 -1.39844938
8.50000000 0.19657441 -1.40048510
8.51000000 0.18256008 -1.40238077
8.52000000 0.16852750 -1.40413621
8.53000000 0.15447806 -1.40575123
8.54000000 0.14041317 -1.40722569
8.55000000 0.12633425 -1.40855943
8.56000000 0.11224269 -1.40975231
8.57000000 0.09813991 -1.41080422
8.58000000 0.08402731 -1.41171506
8.59000000 0.06990631 -1.41248473
8.60000000 0.05577832 -1.41311315
8.61000000 0.04164476 -1.41360027
8.62000000 0.02750702 -1.41394603
8.63000000 0.01336654 -1.41415039
8.64000000 -0.00077528 -1.41421335
8.65000000 -0.01491702 -1.41413489
8.66000000 -0.02905727 -1.41391502
8.67000000 -0.04319461 -1.41355376
8.68000000 -0.05732764 -1.41305115
8.69000000 -0.07145493 -1.41240723
8.70000000 -0.08557507 -1.41162208
8.71000000 -0.09968666 -1.41069577
8.72000000 -0.11378828 -1.40962840
8.73000000 -0.12787853 -1.40842007
8.74000000 -0.14195598 -1.40707089
8.75000000 -0.15601924 -1.40558102
8.76000000 -0.17006690 -1.40395059
8.77000000 -0.18409755 -1.40217976
8.78000000 -0.19810979 -1.40026873
8.79000000 -0.21210223 -1.39821767
8.80000000 -0.22607345 -1.39602679
8.81000000 -0.24002206 -1.39369631
8.82000000 -0.25394668 -1.39122647
8.83000000 -0.26784590 -1.38861751
8.84000000 -0.28171833 -1.38586968
8.85000000 -0.29556260 -1.38298328
8.86000000 -0.30937731 -1.37995858
8.87000000 -0.32316108 -1.37679589
8.88000000 -0.33691254 -1.37349552
8.89000000 -0.35063030 -1.37005781
8.90000000 -0.36431301 -1.36648309
8.91000000 -0.37795928 -1.36277173
8.92000000 -0.39156776 -1.35892409
8.93000000 -0.40513708 -1.35494057
8.94000000 -0.41866589 -1.35082155
8.95000000 -0.43215284 -1.34656746
8.96000000 -0.44559657 -1.34217871
8.97000000 -0.45899574 -1.33765575
8.98000000 -0.47234902 -1.33299903
8.99000000 -0.48565506 -1.32820901
9.00000000 -0.49891253 -1.32328617
9.01000000 -0.51212012 -1.31823101
9.02000000 -0.52527649 -1.31304402
9.03000000 -0.53838034 -1.30772574
9.04000000 -0.55143036 -1.30227668
9.05000000 -0.56442523 -1.29669741
9.06000000 -0.57736365 -1.29098846
9.07000000 -0.59024435 -1.28515042
9.08000000 -0.60306602 -1.27918387
9.09000000 -0.61582739 -1.27308940
9.10000000 -0.62852717 -1.26686763
9.11000000 -0.64116411 -1.26051917
9.12000000 -0.65373693 -1.25404467
9.13000000 -0.66624437 -1.24744476
9.14000000 -0.67868520 -1.24072011
9.15000000 -0.69105815 -1.23387140
9.16000000 -0.70336201 -1.22689930
9.17000000 -0.71559553 -1.21980451
9.18000000 -0.72775749 -1.21258774
9.19000000 -0.73984668 -1.20524972
9.20000000 -0.75186188 -1.19779118
9.21000000 -0.76380190 -1.19021286
9.22000000 -0.77566554 -1.18251552
9.23000000 -0.78745162 -1.17469994
9.24000000 -0.79915895 -1.16676689
9.25000000 -0.81078637 -1.15871716
9.26000000 -0.82233272 -1.15055156
9.27000000 -0.83379683 -1.14227092
9.28000000 -0.84517756 -1.13387604
9.29000000 -0.85647378 -1.12536779
9.30000000 -0.86768436 -1.11674700
9.31000000 -0.87880817 -1.10801453
9.32000000 -0.88984409 -1.09917127
9.33000000 -0.90079104 -1.09021810
9.34000000 -0.91164791 -1.08115590
9.35000000 -0.92241362 -1.07198559
9.36000000 -0.93308709 -1.06270809
9.37000000 -0.94366725 -1.05332432
9.38000000 -0.95415305 -1.04383522
9.39000000 -0.96454343 -1.03424174
9.40000000 -0.97483736 -1.02454483
9.41000000 -0.98503382 -1.01474548
9.42000000 -0.99513177 -1.00484465
9.43000000 -1.00513021 -0.99484334
9.44000000 -1.01502814 -0.98474255
9.45000000 -1.02482457 -0.97454328
9.46000000 -1.03451851 -0.96424657
9.47000000 -1.04410901 -0.95385343
9.48000000 -1.05359511 -0.94336491
9.49000000 -1.06297584 -0.93278205
9.50000000 -1.07225028 -0.92210592
9.51000000 -1.08141750 -0.91133758
9.52000000 -1.09047658 -0.90047811
9.53000000 -1.09942661 -0.88952860
9.54000000 -1.10826670 -0.87849013
9.55000000 -1.11699597 -0.86736382
9.56000000 -1.12561355 -0.85615077
9.57000000 -1.13411856 -0.84485211
9.58000000 -1.14251017 -0.83346897
9.59000000 -1.15078752 -0.82200248
9.60000000 -1.15894981 -0.81045379
9.61000000 -1.16699619 -0.79882406
9.62000000 -1.17492589 -0.78711445
9.63000000 -1.18273809 -0.77532613
9.64000000 -1.19043202 -0.76346028
9.65000000 -1.19800691 -0.75151809
9.66000000 -1.20546201 -0.73950074
9.67000000 -1.21279656 -0.72740945
9.68000000 -1.22000983 -0.71524542
9.69000000 -1.22710111 -0.70300986
9.70000000 -1.23406968 -0.69070401
9.71000000 -1.24091484 -0.67832909
9.72000000 -1.24763592 -0.66588633
9.73000000 -1.25423224 -0.65337699
9.74000000 -1.26070313 -0.64080231
9.75000000 -1.26704796 -0.62816356
9.76000000 -1.27326609 -0.61546199
9.77000000 -1.27935690 -0.60269887
9.78000000 -1.28531977 -0.58987549
9.79000000 -1.29115411 -0.57699312
9.80000000 -1.29685934 -0.56405305
9.81000000 -1.30243489 -0.55105658
9.82000000 -1.30788020 -0.53800501
9.83000000 -1.31319472 -0.52489963
9.84000000 -1.31837793 -0.51174177
9.85000000 -1.32342930 -0.49853273
9.86000000 -1.32834833 -0.48527384
9.87000000 -1.33313454 -0.47196643
9.88000000 -1.33778743 -0.45861182
9.89000000 -1.34230654 -0.44521135
9.90000000 -1.34669143 -0.43176636
9.91000000 -1.35094165 -0.41827820
9.92000000 -1.35505679 -0.40474820
9.93000000 -1.35903642 -0.39117774
9.94000000 -1.36288014 -0.37756815
9.95000000 -1.36658759 -0.36392082
9.96000000 -1.37015838 -0.35023709
9.97000000 -1.37359216 -0.33651833
9.98000000 -1.37688858 -0.32276593
9.99000000 -1.38004731 -0.30898125
10.00000000 -1.38306805 -0.29516567
