0.00000000 -1.00000000 3.00000000
0.01000000 -1.16000000 2.78000000
0.02000000 -1.31010000 2.57410000
0.03000000 -1.45090600 2.38141200
0.04000000 -1.58298566 2.20110410
0.05000000 -1.70687072 2.03239696
0.06000000 -1.82305928 1.87456046
0.07000000 -1.93201789 1.72691064
0.08000000 -2.03418360 1.58880671
0.09000000 -2.12996578 1.45964841
0.10000000 -2.21974785 1.33887336
0.11000000 -2.30388900 1.22595475
0.12000000 -2.38272563 1.12039903
0.13000000 -2.45657283 1.02174384
0.14000000 -2.52572575 0.92955604
0.15000000 -2.59046081 0.84342986
0.16000000 -2.65103692 0.76298516
0.17000000 -2.70769654 0.68786583
0.18000000 -2.76066680 0.61773826
0.19000000 -2.81016038 0.55228991
0.20000000 -2.85637648 0.49122801
0.21000000 -2.89950165 0.43427829
0.22000000 -2.93971058 0.38118379
0.23000000 -2.97716687 0.33170382
0.24000000 -3.01202373 0.28561288
0.25000000 -3.04442461 0.24269974
0.26000000 -3.07450385 0.20276652
0.27000000 -3.10238721 0.16562782
0.28000000 -3.12819247 0.13111000
0.29000000 -3.15202990 0.09905038
0.30000000 -3.17400272 0.06929655
0.31000000 -3.19420757 0.04170577
0.32000000 -3.21273494 0.01614429
0.33000000 -3.22966950 -0.00751316
0.34000000 -3.24509054 -0.02938394
0.35000000 -3.25907224 -0.04957797
0.36000000 -3.27168407 -0.06819823
0.37000000 -3.28299100 -0.08534120
0.38000000 -3.29305385 -0.10109722
0.39000000 -3.30192953 -0.11555095
0.40000000 -3.30967127 -0.12878168
0.41000000 -3.31632890 -0.14086368
0.42000000 -3.32194901 -0.15186651
0.43000000 -3.32657517 -0.16185534
0.44000000 -3.33024816 -0.17089122
0.45000000 -3.33300608 -0.17903132
0.46000000 -3.33488457 -0.18632919
0.47000000 -3.33591696 -0.19283499
0.48000000 -3.33613438 -0.19859571
0.49000000 -3.33556594 -0.20365535
0.50000000 -3.33423883 -0.20805514
0.51000000 -3.33217846 -0.21183367
0.52000000 -3.32940856 -0.21502709
0.53000000 -3.32595129 -0.21766928
0.54000000 -3.32182734 -0.21979195
0.55000000 -3.31705602 -0.22142478
0.56000000 -3.31165534 -0.22259561
0.57000000 -3.30564211 -0.22333047
0.58000000 -3.29903201 -0.22365376
0.59000000 -3.29183964 -0.22358831
0.60000000 -3.28407862 -0.22315553
0.61000000 -3.27576163 -0.22237543
0.62000000 -3.26690047 -0.22126676
0.63000000 -3.25750614 -0.21984710
0.64000000 -3.24758885 -0.21813286
0.65000000 -3.23715809 -0.21613945
0.66000000 -3.22622270 -0.21388127
0.67000000 -3.21479087 -0.21137181
0.68000000 -3.20287018 -0.20862369
0.69000000 -3.19046770 -0.20564873
0.70000000 -3.17758994 -0.20245800
0.71000000 -3.16424294 -0.19906184
0.72000000 -3.15043228 -0.19546994
0.73000000 -3.13616310 -0.19169137
0.74000000 -3.12144017 -0.18773460
0.75000000 -3.10626784 -0.18360758
0.76000000 -3.09065014 -0.17931773
0.77000000 -3.07459075 -0.17487199
0.78000000 -3.05809306 -0.17027686
0.79000000 -3.04116015 -0.16553841
0.80000000 -3.02379483 -0.16066232
0.81000000 -3.00599966 -0.15565391
0.82000000 -2.98777696 -0.15051813
0.83000000 -2.96912883 -0.14525963
0.84000000 -2.95005713 -0.13988274
0.85000000 -2.93056357 -0.13439152
0.86000000 -2.91064963 -0.12878975
0.87000000 -2.89031664 -0.12308097
0.88000000 -2.86956575 -0.11726846
0.89000000 -2.84839799 -0.11135533
0.90000000 -2.82681420 -0.10534444
0.91000000 -2.80481512 -0.09923847
0.92000000 -2.78240135 -0.09303993
0.93000000 -2.75957337 -0.08675115
0.94000000 -2.73633154 -0.08037430
0.95000000 -2.71267614 -0.07391141
0.96000000 -2.68860733 -0.06736438
0.97000000 -2.66412519 -0.06073494
0.98000000 -2.63922969 -0.05402475
0.99000000 -2.61392075 -0.04723531
