0.00000000 -1.00000000 3.00000000
0.01000000 83.86250400 120.35152800
0.02000000 3004.74885162 4393.88421572
0.03000000 109994.57558005 160954.70157114
0.04000000 4029627.17269018 5896650.90085083
0.05000000 147627643.07725500 216027211.50284400
0.06000000 5408424334.25886000 7914282309.04658000
0.07000000 198140765736.76100000 289944327710.80400000
0.08000000 7259002000833.81000000 10622278798504.90000000
0.09000000 265937753156445.00000000 389153351487168.00000000
0.10000000 9742784000582660.00000000 14256858989148200.00000000
0.11000000 356932548896769000.00000000 522308307148569000.00000000
0.12000000 13076431177610700000.00000000 19135068104696500000.00000000
0.13000000 479062648871067000000.00000000 701024330572674000000.00000000
0.14000000 17550738303606300000000.00000000 25682433392241100000000.00000000
0.15000000 642981488386864000000000.00000000 940890859534189000000000.00000000
0.16000000 23556000166855500000000000.00000000 34470082956486200000000000.00000000
0.17000000 862987743633204000000000000.00000000 1262831503767910000000000000.00000000
0.18000000 31616057071905800000000000000.00000000 46264565389119500000000000000.00000000
0.19000000 1158272608329020000000000000000.00000000 1694929216017950000000000000000.00000000
0.20000000 42433989543796200000000000000000.00000000 62094715969964200000000000000000.00000000
0.21000000 1554593845744740000000000000000000.00000000 2274875974141980000000000000000000.00000000
0.22000000 56953448195887000000000000000000000.00000000 83341402193249700000000000000000000.00000000
0.23000000 2086522644020690000000000000000000000.00000000 3053260660575930000000000000000000000.00000000
0.24000000 76440968579062800000000000000000000000.00000000 111857977140870000000000000000000000000.00000000
0.25000000 2800459268462800000000000000000000000000.00000000 4097981941603090000000000000000000000000.00000000
0.26000000 102596451354586000000000000000000000000000.00000000 150131947876690000000000000000000000000000.00000000
0.27000000 3758680566824200000000000000000000000000000.00000000 5500171082850610000000000000000000000000000.00000000
0.28000000 137701445000227000000000000000000000000000000.00000000 201501961231285000000000000000000000000000000.00000000
0.29000000 5044772392342900000000000000000000000000000000.00000000 7382141349503310000000000000000000000000000000.00000000
0.30000000 184818165782524000000000000000000000000000000000.00000000 270449034694486000000000000000000000000000000000.00000000
0.31000000 6770920815984100000000000000000000000000000000000.00000000 9908057419152570000000000000000000000000000000000.00000000
0.32000000 248056615550841000000000000000000000000000000000000.00000000 362987436550188000000000000000000000000000000000000.00000000
0.33000000 9087698141924630000000000000000000000000000000000000.00000000 13298255502494500000000000000000000000000000000000000.00000000
0.34000000 332933098096767000000000000000000000000000000000000000.00000000 487189311812927000000000000000000000000000000000000000.00000000
0.35000000 12197197362547600000000000000000000000000000000000000000.00000000 17848463319134600000000000000000000000000000000000000000.00000000
0.36000000 446851407539235000000000000000000000000000000000000000000.00000000 653888817201353000000000000000000000000000000000000000000.00000000
0.37000000 16370660774328000000000000000000000000000000000000000000000.00000000 23955596491189400000000000000000000000000000000000000000000.00000000
0.38000000 599748662903317000000000000000000000000000000000000000000000.00000000 877627186996182000000000000000000000000000000000000000000000.00000000
0.39000000 21972140502623200000000000000000000000000000000000000000000000.00000000 32152381579733000000000000000000000000000000000000000000000000.00000000
0.40000000 804962125184165000000000000000000000000000000000000000000000000.00000000 1177921168083920000000000000000000000000000000000000000000000000.00000000
0.41000000 29490254848117700000000000000000000000000000000000000000000000000.00000000 43153825939127100000000000000000000000000000000000000000000000000.00000000
0.42000000 1080392609537940000000000000000000000000000000000000000000000000000.00000000 1580965470052410000000000000000000000000000000000000000000000000000.00000000
0.43000000 39580810567959700000000000000000000000000000000000000000000000000000.00000000 57919587964779000000000000000000000000000000000000000000000000000000.00000000
0.44000000 1450065977299430000000000000000000000000000000000000000000000000000000.00000000 2121917735431990000000000000000000000000000000000000000000000000000000.00000000
0.45000000 53124009042489200000000000000000000000000000000000000000000000000000000.00000000 77737688304667900000000000000000000000000000000000000000000000000000000.00000000
0.46000000 1946228917116170000000000000000000000000000000000000000000000000000000000.00000000 2847965348535740000000000000000000000000000000000000000000000000000000000.00000000
0.47000000 71301226433977300000000000000000000000000000000000000000000000000000000000.00000000 104336864181916000000000000000000000000000000000000000000000000000000000000.00000000
0.48000000 2612161830645470000000000000000000000000000000000000000000000000000000000000.00000000 3822441601304160000000000000000000000000000000000000000000000000000000000000.00000000
0.49000000 95698065387407100000000000000000000000000000000000000000000000000000000000000.00000000 140037367520511000000000000000000000000000000000000000000000000000000000000000.00000000
0.50000000 3505954191448180000000000000000000000000000000000000000000000000000000000000000.00000000 5130350270200040000000000000000000000000000000000000000000000000000000000000000.00000000
0.51000000 128442667495664000000000000000000000000000000000000000000000000000000000000000000.00000000 187953361027630000000000000000000000000000000000000000000000000000000000000000000.00000000
0.52000000 4705571702460630000000000000000000000000000000000000000000000000000000000000000000.00000000 6885780514203640000000000000000000000000000000000000000000000000000000000000000000.00000000
0.53000000 172391351555709000000000000000000000000000000000000000000000000000000000000000000000.00000000 252264567287075000000000000000000000000000000000000000000000000000000000000000000000.00000000
0.54000000 6315657261298080000000000000000000000000000000000000000000000000000000000000000000000.00000000 9241858897080340000000000000000000000000000000000000000000000000000000000000000000000.00000000
0.55000000 231377770881374000000000000000000000000000000000000000000000000000000000000000000000000.00000000 338580866873568000000000000000000000000000000000000000000000000000000000000000000000000.00000000
0.56000000 8476658983079480000000000000000000000000000000000000000000000000000000000000000000000000.00000000 12404106650997600000000000000000000000000000000000000000000000000000000000000000000000000.00000000
0.57000000 310547323719618000000000000000000000000000000000000000000000000000000000000000000000000000.00000000 454431649461097000000000000000000000000000000000000000000000000000000000000000000000000000.00000000
0.58000000 11377081520198500000000000000000000000000000000000000000000000000000000000000000000000000000.00000000 16648367338515700000000000000000000000000000000000000000000000000000000000000000000000000000.00000000
0.59000000 416805987463947000000000000000000000000000000000000000000000000000000000000000000000000000000.00000000 609922604129456000000000000000000000000000000000000000000000000000000000000000000000000000000.00000000
0.60000000 15269929364342400000000000000000000000000000000000000000000000000000000000000000000000000000000.00000000 22344868746824700000000000000000000000000000000000000000000000000000000000000000000000000000000.00000000
0.61000000 559422728571467000000000000000000000000000000000000000000000000000000000000000000000000000000000.00000000 818617240830849000000000000000000000000000000000000000000000000000000000000000000000000000000000.00000000
0.62000000 20494776483586000000000000000000000000000000000000000000000000000000000000000000000000000000000000.00000000 29990517938519700000000000000000000000000000000000000000000000000000000000000000000000000000000000.00000000
0.63000000 750838036532317000000000000000000000000000000000000000000000000000000000000000000000000000000000000.00000000 1098720038326820000000000000000000000000000000000000000000000000000000000000000000000000000000000000.00000000
0.64000000 27507387433827900000000000000000000000000000000000000000000000000000000000000000000000000000000000000.00000000 40252246563251100000000000000000000000000000000000000000000000000000000000000000000000000000000000000.00000000
0.65000000 1007749110486290000000000000000000000000000000000000000000000000000000000000000000000000000000000000000.00000000 1474664424848510000000000000000000000000000000000000000000000000000000000000000000000000000000000000000.00000000
0.66000000 36919473800590600000000000000000000000000000000000000000000000000000000000000000000000000000000000000000.00000000 54025187451255600000000000000000000000000000000000000000000000000000000000000000000000000000000000000000.00000000
0.67000000 1352566359552290000000000000000000000000000000000000000000000000000000000000000000000000000000000000000000.00000000 1979244111380210000000000000000000000000000000000000000000000000000000000000000000000000000000000000000000.00000000
0.68000000 49552053934291700000000000000000000000000000000000000000000000000000000000000000000000000000000000000000000.00000000 72510757245733200000000000000000000000000000000000000000000000000000000000000000000000000000000000000000000.00000000
0.69000000 1815368267712720000000000000000000000000000000000000000000000000000000000000000000000000000000000000000000000.00000000 2656473694234290000000000000000000000000000000000000000000000000000000000000000000000000000000000000000000000.00000000
0.70000000 66507070560352000000000000000000000000000000000000000000000000000000000000000000000000000000000000000000000000.00000000 97321456239157500000000000000000000000000000000000000000000000000000000000000000000000000000000000000000000000.00000000
0.71000000 2436525146543760000000000000000000000000000000000000000000000000000000000000000000000000000000000000000000000000.00000000 3565428057905280000000000000000000000000000000000000000000000000000000000000000000000000000000000000000000000000.00000000
0.72000000 89263513483921100000000000000000000000000000000000000000000000000000000000000000000000000000000000000000000000000.00000000 130621527126137000000000000000000000000000000000000000000000000000000000000000000000000000000000000000000000000000.00000000
0.73000000 3270220646315460000000000000000000000000000000000000000000000000000000000000000000000000000000000000000000000000000.00000000 4785395490152750000000000000000000000000000000000000000000000000000000000000000000000000000000000000000000000000000.00000000
0.74000000 119806432193757000000000000000000000000000000000000000000000000000000000000000000000000000000000000000000000000000000.00000000 175315742366575000000000000000000000000000000000000000000000000000000000000000000000000000000000000000000000000000000.00000000
0.75000000 4389178207644590000000000000000000000000000000000000000000000000000000000000000000000000000000000000000000000000000000.00000000 6422794016668030000000000000000000000000000000000000000000000000000000000000000000000000000000000000000000000000000000.00000000
0.76000000 160800092162883000000000000000000000000000000000000000000000000000000000000000000000000000000000000000000000000000000000.00000000 235302788122076000000000000000000000000000000000000000000000000000000000000000000000000000000000000000000000000000000000.00000000
0.77000000 5891004743110480000000000000000000000000000000000000000000000000000000000000000000000000000000000000000000000000000000000.00000000 8620454268708680000000000000000000000000000000000000000000000000000000000000000000000000000000000000000000000000000000000.00000000
0.78000000 215820379307973000000000000000000000000000000000000000000000000000000000000000000000000000000000000000000000000000000000000.00000000 315815347501724000000000000000000000000000000000000000000000000000000000000000000000000000000000000000000000000000000000000.00000000
0.79000000 7906704909567510000000000000000000000000000000000000000000000000000000000000000000000000000000000000000000000000000000000000.00000000 11570078630273300000000000000000000000000000000000000000000000000000000000000000000000000000000000000000000000000000000000000.00000000
0.80000000 289666725299232000000000000000000000000000000000000000000000000000000000000000000000000000000000000000000000000000000000000000.00000000 423876548653088000000000000000000000000000000000000000000000000000000000000000000000000000000000000000000000000000000000000000.00000000
0.81000000 10612108672988400000000000000000000000000000000000000000000000000000000000000000000000000000000000000000000000000000000000000000.00000000 15528963478946500000000000000000000000000000000000000000000000000000000000000000000000000000000000000000000000000000000000000000.00000000
0.82000000 388780763033726000000000000000000000000000000000000000000000000000000000000000000000000000000000000000000000000000000000000000000.00000000 568912593765170000000000000000000000000000000000000000000000000000000000000000000000000000000000000000000000000000000000000000000.00000000
0.83000000 14243208994817100000000000000000000000000000000000000000000000000000000000000000000000000000000000000000000000000000000000000000000.00000000 20842443205138500000000000000000000000000000000000000000000000000000000000000000000000000000000000000000000000000000000000000000000.00000000
0.84000000 521808231680542000000000000000000000000000000000000000000000000000000000000000000000000000000000000000000000000000000000000000000000.00000000 763575008745075000000000000000000000000000000000000000000000000000000000000000000000000000000000000000000000000000000000000000000000.00000000
0.85000000 19116747549562300000000000000000000000000000000000000000000000000000000000000000000000000000000000000000000000000000000000000000000000.00000000 27974013806418700000000000000000000000000000000000000000000000000000000000000000000000000000000000000000000000000000000000000000000000.00000000
0.86000000 700353146397718000000000000000000000000000000000000000000000000000000000000000000000000000000000000000000000000000000000000000000000000.00000000 1024844238587390000000000000000000000000000000000000000000000000000000000000000000000000000000000000000000000000000000000000000000000000.00000000
0.87000000 25657844170276300000000000000000000000000000000000000000000000000000000000000000000000000000000000000000000000000000000000000000000000000.00000000 37545763744663900000000000000000000000000000000000000000000000000000000000000000000000000000000000000000000000000000000000000000000000000.00000000
0.88000000 939990019110061000000000000000000000000000000000000000000000000000000000000000000000000000000000000000000000000000000000000000000000000000.00000000 1375510855301470000000000000000000000000000000000000000000000000000000000000000000000000000000000000000000000000000000000000000000000000000.00000000
0.89000000 34437080144485800000000000000000000000000000000000000000000000000000000000000000000000000000000000000000000000000000000000000000000000000000.00000000 50392638858520100000000000000000000000000000000000000000000000000000000000000000000000000000000000000000000000000000000000000000000000000000.00000000
0.90000000 1261622426587570000000000000000000000000000000000000000000000000000000000000000000000000000000000000000000000000000000000000000000000000000000.00000000 1846163584487800000000000000000000000000000000000000000000000000000000000000000000000000000000000000000000000000000000000000000000000000000000.00000000
0.91000000 46220270144581100000000000000000000000000000000000000000000000000000000000000000000000000000000000000000000000000000000000000000000000000000000.00000000 67635274871353200000000000000000000000000000000000000000000000000000000000000000000000000000000000000000000000000000000000000000000000000000000.00000000
0.92000000 1693306434014760000000000000000000000000000000000000000000000000000000000000000000000000000000000000000000000000000000000000000000000000000000000.00000000 2477857566556140000000000000000000000000000000000000000000000000000000000000000000000000000000000000000000000000000000000000000000000000000000000.00000000
0.93000000 62035264409027500000000000000000000000000000000000000000000000000000000000000000000000000000000000000000000000000000000000000000000000000000000000.00000000 90777750690268400000000000000000000000000000000000000000000000000000000000000000000000000000000000000000000000000000000000000000000000000000000000.00000000
0.94000000 2272697931687190000000000000000000000000000000000000000000000000000000000000000000000000000000000000000000000000000000000000000000000000000000000000.00000000 3325695605594380000000000000000000000000000000000000000000000000000000000000000000000000000000000000000000000000000000000000000000000000000000000000.00000000
0.95000000 83261608343263400000000000000000000000000000000000000000000000000000000000000000000000000000000000000000000000000000000000000000000000000000000000000.00000000 121838789537837000000000000000000000000000000000000000000000000000000000000000000000000000000000000000000000000000000000000000000000000000000000000000.00000000
0.96000000 3050337366550300000000000000000000000000000000000000000000000000000000000000000000000000000000000000000000000000000000000000000000000000000000000000000.00000000 4463634799009870000000000000000000000000000000000000000000000000000000000000000000000000000000000000000000000000000000000000000000000000000000000000000.00000000
0.97000000 111750880566864000000000000000000000000000000000000000000000000000000000000000000000000000000000000000000000000000000000000000000000000000000000000000000.00000000 163527852619912000000000000000000000000000000000000000000000000000000000000000000000000000000000000000000000000000000000000000000000000000000000000000000.00000000
0.98000000 4094058396430000000000000000000000000000000000000000000000000000000000000000000000000000000000000000000000000000000000000000000000000000000000000000000000.00000000 5990937831296500000000000000000000000000000000000000000000000000000000000000000000000000000000000000000000000000000000000000000000000000000000000000000000.00000000
0.99000000 149988206521114000000000000000000000000000000000000000000000000000000000000000000000000000000000000000000000000000000000000000000000000000000000000000000000.00000000 219481486018664000000000000000000000000000000000000000000000000000000000000000000000000000000000000000000000000000000000000000000000000000000000000000000000.00000000
