0.00000000 -1.00000000 3.00000000
0.01000000 4.05508051 3.45588664
0.02000000 4.04278105 3.23838221
0.03000000 3.89770629 3.02035654
0.04000000 3.76063442 2.81961103
0.05000000 3.63464639 2.63524487
0.06000000 3.51894435 2.46593505
0.07000000 3.41269135 2.31045239
0.08000000 3.31511581 2.16766766
0.09000000 3.22550904 2.03654384
0.10000000 3.14322027 1.91612863
0.11000000 3.06765184 1.80554746
0.12000000 2.99825492 1.70399722
0.13000000 2.93452550 1.61074036
0.14000000 2.87600072 1.52509959
0.15000000 2.82225553 1.44645291
0.16000000 2.77289960 1.37422914
0.17000000 2.72757445 1.30790373
0.18000000 2.68595092 1.24699497
0.19000000 2.64772668 1.19106049
0.20000000 2.61262414 1.13969406
0.21000000 2.58038834 1.09252262
0.22000000 2.55078518 1.04920357
0.23000000 2.52359964 1.00942229
0.24000000 2.49863428 0.97288986
0.25000000 2.47570779 0.93934095
0.26000000 2.45465365 0.90853191
0.27000000 2.43531896 0.88023898
0.28000000 2.41756330 0.85425667
0.29000000 2.40125770 0.83039628
0.30000000 2.38628374 0.80848451
0.31000000 2.37253267 0.78836223
0.32000000 2.35990463 0.76988330
0.33000000 2.34830789 0.75291349
0.34000000 2.33765822 0.73732958
0.35000000 2.32787830 0.72301837
0.36000000 2.31889708 0.70987592
0.37000000 2.31064933 0.69780679
0.38000000 2.30307516 0.68672332
0.39000000 2.29611956 0.67654502
0.40000000 2.28973201 0.66719795
0.41000000 2.28386611 0.65861424
0.42000000 2.27847927 0.65073154
0.43000000 2.27353236 0.64349260
0.44000000 2.26898945 0.63684485
0.45000000 2.26481756 0.63074001
0.46000000 2.26098637 0.62513374
0.47000000 2.25746807 0.61998532
0.48000000 2.25423710 0.61525736
0.49000000 2.25126999 0.61091552
0.50000000 2.24854521 0.60692827
0.51000000 2.24604295 0.60326666
0.52000000 2.24374504 0.59990407
0.53000000 2.24163480 0.59681611
0.54000000 2.23969690 0.59398033
0.55000000 2.23791726 0.59137614
0.56000000 2.23628296 0.58898463
0.57000000 2.23478213 0.58678843
0.58000000 2.23340387 0.58477159
0.59000000 2.23213817 0.58291946
0.60000000 2.23097584 0.58121858
0.61000000 2.22990843 0.57965662
0.62000000 2.22892820 0.57822222
0.63000000 2.22802802 0.57690496
0.64000000 2.22720135 0.57569528
0.65000000 2.22644220 0.57458439
0.66000000 2.22574504 0.57356423
0.67000000 2.22510482 0.57262738
0.68000000 2.22451689 0.57176704
0.69000000 2.22397697 0.57097696
0.70000000 2.22348114 0.57025141
0.71000000 2.22302581 0.56958511
0.72000000 2.22260767 0.56897323
0.73000000 2.22222367 0.56841131
0.74000000 2.22187103 0.56789529
0.75000000 2.22154719 0.56742141
0.76000000 2.22124980 0.56698623
0.77000000 2.22097670 0.56658659
0.78000000 2.22072590 0.56621959
0.79000000 2.22049558 0.56588256
0.80000000 2.22028408 0.56557306
0.81000000 2.22008984 0.56528883
0.82000000 2.21991147 0.56502781
0.83000000 2.21974766 0.56478811
0.84000000 2.21959724 0.56456799
0.85000000 2.21945910 0.56436584
0.86000000 2.21933224 0.56418021
0.87000000 2.21921574 0.56400973
0.88000000 2.21910875 0.56385317
0.89000000 2.21901050 0.56370940
0.90000000 2.21892028 0.56357738
0.91000000 2.21883742 0.56345613
0.92000000 2.21876133 0.56334479
0.93000000 2.21869146 0.56324254
0.94000000 2.21862729 0.56314864
0.95000000 2.21856836 0.56306241
0.96000000 2.21851424 0.56298322
0.97000000 2.21846455 0.56291050
0.98000000 2.21841891 0.56284371
0.99000000 2.21837700 0.56278238
