0.00000000 -1.00000000 3.00000000
0.01000000 -1.15066994 2.79326477
0.02000000 -1.29254583 2.59900870
0.03000000 -1.42613179 2.41649288
0.04000000 -1.55190193 2.24502230
0.05000000 -1.67030211 2.08394325
0.06000000 -1.78175167 1.93264087
0.07000000 -1.88664496 1.79053684
0.08000000 -1.98535285 1.65708721
0.09000000 -2.07822411 1.53178035
0.10000000 -2.16558673 1.41413503
0.11000000 -2.24774915 1.30369863
0.12000000 -2.32500144 1.20004544
0.13000000 -2.39761635 1.10277502
0.14000000 -2.46585040 1.01151076
0.15000000 -2.52994476 0.92589843
0.16000000 -2.59012627 0.84560483
0.17000000 -2.64660818 0.77031658
0.18000000 -2.69959104 0.69973895
0.19000000 -2.74926341 0.63359468
0.20000000 -2.79580258 0.57162305
0.21000000 -2.83937527 0.51357878
0.22000000 -2.88013822 0.45923121
0.23000000 -2.91823877 0.40836339
0.24000000 -2.95381549 0.36077124
0.25000000 -2.98699862 0.31626286
0.26000000 -3.01791061 0.27465771
0.27000000 -3.04666658 0.23578602
0.28000000 -3.07337473 0.19948811
0.29000000 -3.09813679 0.16561378
0.30000000 -3.12104836 0.13402177
0.31000000 -3.14219932 0.10457923
0.32000000 -3.16167412 0.07716121
0.33000000 -3.17955215 0.05165017
0.34000000 -3.19590801 0.02793560
0.35000000 -3.21081180 0.00591353
0.36000000 -3.22432941 -0.01451379
0.37000000 -3.23652272 -0.03343834
0.38000000 -3.24744989 -0.05094658
0.39000000 -3.25716555 -0.06711984
0.40000000 -3.26572103 -0.08203463
0.41000000 -3.27316453 -0.09576287
0.42000000 -3.27954133 -0.10837223
0.43000000 -3.28489396 -0.11992633
0.44000000 -3.28926233 -0.13048500
0.45000000 -3.29268394 -0.14010452
0.46000000 -3.29519399 -0.14883782
0.47000000 -3.29682551 -0.15673465
0.48000000 -3.29760952 -0.16384181
0.49000000 -3.29757510 -0.17020333
0.50000000 -3.29674957 -0.17586059
0.51000000 -3.29515853 -0.18085250
0.52000000 -3.29282601 -0.18521566
0.53000000 -3.28977453 -0.18898449
0.54000000 -3.28602521 -0.19219135
0.55000000 -3.28159786 -0.19486666
0.56000000 -3.27651102 -0.19703904
0.57000000 -3.27078207 -0.19873538
0.58000000 -3.26442729 -0.19998099
0.59000000 -3.25746193 -0.20079963
0.60000000 -3.24990025 -0.20121368
0.61000000 -3.24175560 -0.20124414
0.62000000 -3.23304046 -0.20091079
0.63000000 -3.22376652 -0.20023220
0.64000000 -3.21394467 -0.19922584
0.65000000 -3.20358512 -0.19790812
0.66000000 -3.19269737 -0.19629448
0.67000000 -3.18129030 -0.19439943
0.68000000 -3.16937219 -0.19223659
0.69000000 -3.15695076 -0.18981878
0.70000000 -3.14403319 -0.18715805
0.71000000 -3.13062616 -0.18426571
0.72000000 -3.11673590 -0.18115240
0.73000000 -3.10236818 -0.17782812
0.74000000 -3.08752835 -0.17430224
0.75000000 -3.07222138 -0.17058360
0.76000000 -3.05645188 -0.16668049
0.77000000 -3.04022409 -0.16260068
0.78000000 -3.02354193 -0.15835150
0.79000000 -3.00640903 -0.15393980
0.80000000 -2.98882871 -0.14937204
0.81000000 -2.97080404 -0.14465428
0.82000000 -2.95233781 -0.13979221
0.83000000 -2.93343258 -0.13479115
0.84000000 -2.91409068 -0.12965613
0.85000000 -2.89431423 -0.12439184
0.86000000 -2.87410514 -0.11900271
0.87000000 -2.85346515 -0.11349286
0.88000000 -2.83239580 -0.10786618
0.89000000 -2.81089847 -0.10212632
0.90000000 -2.78897438 -0.09627670
0.91000000 -2.76662460 -0.09032051
0.92000000 -2.74385006 -0.08426076
0.93000000 -2.72065156 -0.07810026
0.94000000 -2.69702978 -0.07184164
0.95000000 -2.67298526 -0.06548737
0.96000000 -2.64851846 -0.05903978
0.97000000 -2.62362971 -0.05250100
0.98000000 -2.59831925 -0.04587308
0.99000000 -2.57258722 -0.03915790
