0.00000000 -1.00000000 3.00000000
0.01000000 -1.15514940 2.78690434
0.02000000 -1.30098303 2.58705253
0.03000000 -1.43805230 2.39963646
0.04000000 -1.56687480 2.22389749
0.05000000 -1.68793637 2.05912342
0.06000000 -1.80169307 1.90464566
0.07000000 -1.90857297 1.75983655
0.08000000 -2.00897788 1.62410688
0.09000000 -2.10328495 1.49690347
0.10000000 -2.19184819 1.37770706
0.11000000 -2.27499987 1.26603016
0.12000000 -2.35305187 1.16141512
0.13000000 -2.42629691 1.06343232
0.14000000 -2.49500972 0.97167846
0.15000000 -2.55944818 0.88577493
0.16000000 -2.61985429 0.80536628
0.17000000 -2.67645520 0.73011885
0.18000000 -2.72946408 0.65971942
0.19000000 -2.77908099 0.59387393
0.20000000 -2.82549369 0.53230635
0.21000000 -2.86887837 0.47475752
0.22000000 -2.90940038 0.42098420
0.23000000 -2.94721487 0.37075801
0.24000000 -2.98246746 0.32386458
0.25000000 -3.01529477 0.28010266
0.26000000 -3.04582500 0.23928333
0.27000000 -3.07417842 0.20122925
0.28000000 -3.10046791 0.16577393
0.29000000 -3.12479934 0.13276109
0.30000000 -3.14727206 0.10204403
0.31000000 -3.16797926 0.07348503
0.32000000 -3.18700836 0.04695481
0.33000000 -3.20444137 0.02233202
0.34000000 -3.22035521 -0.00049727
0.35000000 -3.23482202 -0.02163999
0.36000000 -3.24790948 -0.04119651
0.37000000 -3.25968104 -0.05926108
0.38000000 -3.27019619 -0.07592213
0.39000000 -3.27951075 -0.09126271
0.40000000 -3.28767701 -0.10536073
0.41000000 -3.29474403 -0.11828936
0.42000000 -3.30075779 -0.13011726
0.43000000 -3.30576136 -0.14090890
0.44000000 -3.30979515 -0.15072477
0.45000000 -3.31289699 -0.15962167
0.46000000 -3.31510236 -0.16765288
0.47000000 -3.31644446 -0.17486846
0.48000000 -3.31695443 -0.18131535
0.49000000 -3.31666141 -0.18703762
0.50000000 -3.31559270 -0.19207666
0.51000000 -3.31377384 -0.19647128
0.52000000 -3.31122876 -0.20025792
0.53000000 -3.30797984 -0.20347078
0.54000000 -3.30404802 -0.20614197
0.55000000 -3.29945291 -0.20830159
0.56000000 -3.29421283 -0.20997792
0.57000000 -3.28834490 -0.21119750
0.58000000 -3.28186513 -0.21198521
0.59000000 -3.27478849 -0.21236441
0.60000000 -3.26712896 -0.21235703
0.61000000 -3.25889957 -0.21198364
0.62000000 -3.25011250 -0.21126354
0.63000000 -3.24077912 -0.21021484
0.64000000 -3.23091001 -0.20885453
0.65000000 -3.22051504 -0.20719855
0.66000000 -3.20960341 -0.20526186
0.67000000 -3.19818367 -0.20305849
0.68000000 -3.18626379 -0.20060159
0.69000000 -3.17385116 -0.19790352
0.70000000 -3.16095267 -0.19497586
0.71000000 -3.14757468 -0.19182946
0.72000000 -3.13372311 -0.18847452
0.73000000 -3.11940344 -0.18492057
0.74000000 -3.10462075 -0.18117659
0.75000000 -3.08937970 -0.17725097
0.76000000 -3.07368462 -0.17315159
0.77000000 -3.05753950 -0.16888583
0.78000000 -3.04094800 -0.16446060
0.79000000 -3.02391348 -0.15988239
0.80000000 -3.00643901 -0.15515729
0.81000000 -2.98852742 -0.15029099
0.82000000 -2.97018128 -0.14528882
0.83000000 -2.95140291 -0.14015579
0.84000000 -2.93219443 -0.13489658
0.85000000 -2.91255774 -0.12951557
0.86000000 -2.89249456 -0.12401688
0.87000000 -2.87200642 -0.11840434
0.88000000 -2.85109468 -0.11268156
0.89000000 -2.82976053 -0.10685190
0.90000000 -2.80800503 -0.10091852
0.91000000 -2.78582906 -0.09488436
0.92000000 -2.76323341 -0.08875218
0.93000000 -2.74021871 -0.08252455
0.94000000 -2.71678548 -0.07620389
0.95000000 -2.69293414 -0.06979244
0.96000000 -2.66866500 -0.06329231
0.97000000 -2.64397827 -0.05670545
0.98000000 -2.61887405 -0.05003370
0.99000000 -2.59335237 -0.04327876
