0.00000000 -1.00000000 3.00000000
0.01000000 -1.15519685 2.78683480
0.02000000 -1.30107212 2.58692197
0.03000000 -1.43817773 2.39945261
0.04000000 -1.56703178 2.22366736
0.05000000 -1.68812056 2.05885337
0.06000000 -1.80190053 1.90434145
0.07000000 -1.90880016 1.75950338
0.08000000 -2.00922159 1.62374942
0.09000000 -2.10354229 1.49652596
0.10000000 -2.19211657 1.37731329
0.11000000 -2.27527696 1.26562354
0.12000000 -2.35333557 1.16099870
0.13000000 -2.42658537 1.06300883
0.14000000 -2.49530128 0.97125032
0.15000000 -2.55974136 0.88534430
0.16000000 -2.62014779 0.80493508
0.17000000 -2.67674786 0.72968876
0.18000000 -2.72975489 0.65929193
0.19000000 -2.77936907 0.59345033
0.20000000 -2.82577826 0.53188776
0.21000000 -2.86915876 0.47434493
0.22000000 -2.90967602 0.42057844
0.23000000 -2.94748528 0.37035979
0.24000000 -2.98273222 0.32347450
0.25000000 -3.01555355 0.27972122
0.26000000 -3.04607751 0.23891094
0.27000000 -3.07442445 0.20086623
0.28000000 -3.10070727 0.16542054
0.29000000 -3.12503192 0.13241751
0.30000000 -3.14749777 0.10171038
0.31000000 -3.16819804 0.07316139
0.32000000 -3.18722020 0.04664121
0.33000000 -3.20464627 0.02202844
0.34000000 -3.22055321 -0.00079087
0.35000000 -3.23501317 -0.02192369
0.36000000 -3.24809386 -0.04147043
0.37000000 -3.25985872 -0.05952534
0.38000000 -3.27036730 -0.07617690
0.39000000 -3.27967539 -0.09150813
0.40000000 -3.28783531 -0.10559701
0.41000000 -3.29489613 -0.11851669
0.42000000 -3.30090381 -0.13033585
0.43000000 -3.30590147 -0.14111895
0.44000000 -3.30992949 -0.15092652
0.45000000 -3.31302572 -0.15981533
0.46000000 -3.31522562 -0.16783870
0.47000000 -3.31656243 -0.17504665
0.48000000 -3.31706726 -0.18148615
0.49000000 -3.31676926 -0.18720127
0.50000000 -3.31569571 -0.19223338
0.51000000 -3.31387219 -0.19662131
0.52000000 -3.31132259 -0.20040149
0.53000000 -3.30806931 -0.20360811
0.54000000 -3.30413329 -0.20627327
0.55000000 -3.29953412 -0.20842710
0.56000000 -3.29429011 -0.21009785
0.57000000 -3.28841841 -0.21131204
0.58000000 -3.28193501 -0.21209458
0.59000000 -3.27485487 -0.21246881
0.60000000 -3.26719197 -0.21245665
0.61000000 -3.25895935 -0.21207867
0.62000000 -3.25016917 -0.21135417
0.63000000 -3.24083279 -0.21030124
0.64000000 -3.23096081 -0.20893687
0.65000000 -3.22056308 -0.20727700
0.66000000 -3.20964880 -0.20533659
0.67000000 -3.19822652 -0.20312965
0.68000000 -3.18630420 -0.20066934
0.69000000 -3.17388923 -0.19796800
0.70000000 -3.16098849 -0.19503720
0.71000000 -3.14760835 -0.19188781
0.72000000 -3.13375472 -0.18853000
0.73000000 -3.11943308 -0.18497333
0.74000000 -3.10464848 -0.18122673
0.75000000 -3.08940562 -0.17729861
0.76000000 -3.07370881 -0.17319685
0.77000000 -3.05756202 -0.16892880
0.78000000 -3.04096892 -0.16450140
0.79000000 -3.02393286 -0.15992112
0.80000000 -3.00645693 -0.15519404
0.81000000 -2.98854394 -0.15032585
0.82000000 -2.97019645 -0.14532188
0.83000000 -2.95141679 -0.14018713
0.84000000 -2.93220708 -0.13492628
0.85000000 -2.91256921 -0.12954371
0.86000000 -2.89250490 -0.12404353
0.87000000 -2.87201567 -0.11842957
0.88000000 -2.85110289 -0.11270544
0.89000000 -2.82976774 -0.10687450
0.90000000 -2.80801128 -0.10093989
0.91000000 -2.78583440 -0.09490456
0.92000000 -2.76323786 -0.08877127
0.93000000 -2.74022232 -0.08254258
0.94000000 -2.71678828 -0.07622091
0.95000000 -2.69293617 -0.06980851
0.96000000 -2.66866628 -0.06330746
0.97000000 -2.64397883 -0.05671973
0.98000000 -2.61887392 -0.05004716
0.99000000 -2.59335158 -0.04329143
