0.00000000 1.00000000 -2.00000000
0.10000000 0.42421983 -0.84844476
0.20000000 57243.43530404 -5724325.89408741
0.30000000 62939504812118000.00000000 -6293950481211800000.00000000
0.40000000 69202585393741900000000000000.00000000 -6920258539374190000000000000000.00000000
0.50000000 76088902184309800000000000000000000000000.00000000 -7608890218430980000000000000000000000000000.00000000
0.60000000 83660473126442100000000000000000000000000000000000000.00000000 -8366047312644210000000000000000000000000000000000000000.00000000
0.70000000 91985487539119900000000000000000000000000000000000000000000000000.00000000 -9198548753911990000000000000000000000000000000000000000000000000000.00000000
0.80000000 101138920228450000000000000000000000000000000000000000000000000000000000000000.00000000 -10113892022845000000000000000000000000000000000000000000000000000000000000000000.00000000
0.90000000 111203206708302000000000000000000000000000000000000000000000000000000000000000000000000000.00000000 -11120320670830200000000000000000000000000000000000000000000000000000000000000000000000000000.00000000
1.00000000 122268985611840000000000000000000000000000000000000000000000000000000000000000000000000000000000000000.00000000 -12226898561184000000000000000000000000000000000000000000000000000000000000000000000000000000000000000000.00000000
