0.00000000 1.00000000 -2.00000000
0.10000000 3.20000000 -6.40000000
0.20000000 10.24000000 -20.47999986
0.30000000 32.76812695 -65.54869458
0.40000000 93.43247677 932.79712338
0.50000000 1028596.63536044 -102826780.19268400
0.60000000 -92543497119.89770000 9254349817216.46000000
0.70000000 8328914837430990.00000000 -832891483742762000.00000000
0.80000000 -749602335368480000000.00000000 74960233536848000000000.00000000
0.90000000 67464210183163200000000000.00000000 -6746421018316320000000000000.00000000
1.00000000 -6071778916484690000000000000000.00000000 607177891648470000000000000000000.00000000
